
43 56 26 16 74 30 10
43 92 11 56 26 46 74 19 20 88 6 47 88 40 15 95 99 20 99 73 74 90 98 98 15 99 15 99 40 73 23 15 99 23 92 15 99 92 92 11 92 92 92 39 15 99 20 15 99 20 15 99 23 73 73 73 15 99 69 73 15 99 73 15 99 44 15 99 73 73 73 10
43 92 11 92 92 56 26 16 74 21 20 83 10
43 56 26 86 74 84 20 21 10
43 56 26 46 74 19 20 88 6 47 88 40 73 15 95 99 20 99 74 90 81 73 81 15 99 15 99 34 15 99 73 73 73 73 73 10
43 56 26 46 74 56 10
43 56 26 46 74 56 10
43 56 26 46 74 56 10
43 92 92 11 92 92 92 23 73 73 73 73 73 43 56 26 46 73 74 81 20 30 73 74 6 20 47 6 47 88 40 73 74 84 10
43 56 26 46 74 81 73 20 30 74 6 20 47 73 6 47 88 40 73 74 84 10
43 56 26 46 92 23 92 11 92 73 74 81 20 86 74 86 20 86 73 74 86 10
43 56 26 46 74 81 20 30 74 6 20 86 74 86 20 86 74 86 10
43 56 26 46 74 19 20 88 74 81 20 30 74 6 20 86 74 86 20 86 73 74 86 10
43 56 26 46 74 19 20 88 74 81 73 20 30 74 6 20 86 74 86 20 86 23 74 86 10
43 56 26 46 74 19 20 88 74 81 20 30 74 6 20 86 74 86 20 86 74 86 10
43 56 26 46 74 19 20 88 73 74 81 20 30 74 6 20 86 74 86 20 86 74 86 10
43 56 26 46 23 74 81 20 30 74 6 20 86 74 86 20 86 73 74 86 10
43 56 26 46 74 19 20 88 74 81 20 30 74 6 20 86 74 86 20 86 74 86 10
43 56 26 46 74 19 20 88 74 81 20 30 74 6 20 86 74 86 20 86 74 86 10
43 56 26 46 73 74 81 20 30 74 6 20 86 74 86 20 86 73 23 73 73 73 73 73 73 73 73 73 73 73 73 73 73 73 73 73 73 73 73 73 73 73 73 73 73 73 73 73 73 73 73 73 73 73 73 73 73 73 73 73 73 73 73 73 73 73 73 73 73 73 73 73 73 73 73 73 73 73 73 73 73 73 73 73 73 73 73 73 73 73 73 73 73 73 73 73 73 73 73 73 73 73 73 73 73 73 74 86 10
43 56 26 46 74 81 20 30 74 6 20 86 74 86 20 86 74 86 10
43 56 26 46 74 81 20 30 74 6 20 86 74 86 20 86 73 74 86 10
43 56 26 46 73 74 81 20 30 74 6 20 86 74 86 20 86 74 86 10
43 56 26 46 74 81 20 30 74 6 20 86 74 86 20 86 73 74 86 10
43 56 26 46 74 19 20 88 74 81 20 30 74 6 20 86 74 86 20 86 73 74 86 10
43 56 26 46 74 19 20 88 73 74 81 20 30 74 6 20 86 74 86 20 86 74 86 10
43 23 56 26 46 74 19 20 88 74 81 20 30 74 6 20 86 74 86 20 86 73 74 86 10
43 73 56 26 46 74 19 20 88 74 81 73 20 30 74 6 20 86 74 86 20 86 73 74 86 10
43 56 26 46 74 19 20 88 73 74 81 20 30 74 6 20 86 74 86 20 86 74 86 10
43 56 26 46 73 74 81 20 30 74 6 20 86 74 86 20 86 74 86 10
43 56 26 46 73 74 81 20 30 74 6 20 86 74 86 20 86 23 74 86 10
43 56 26 46 74 19 20 88 74 81 20 30 74 6 20 86 74 86 20 86 73 74 86 10
43 56 26 46 73 74 19 20 88 74 81 20 30 23 92 43 56 26 46 92 23 63 92 73 73 73 73 73 73 73 73 73 73 73 73 73 73 73 73 73 73 73 73 73 73 73 73 73 73 73 73 73 73 73 73 73 73 73 73 73 73 73 73 73 73 73 73 73 73 73 73 73 67 73 73 73 73 73 73 73 73 73 10
43 56 26 86 6 47 15 99 21 88 40 73 73 73 73 73 73 73 73 73 73 73 73 73 73 73 73 73 73 73 73 73 73 73 68 10
43 56 26 86 6 47 15 99 88 40 35 73 73 73 73 73 73 73 73 73 73 73 73 73 73 73 73 73 73 73 73 73 73 73 73 73 73 73 73 73 73 73 73 73 73 73 73 73 73 73 73 73 73 73 73 73 73 73 73 73 73 73 73 73 73 73 73 73 73 73 73 73 73 73 73 73 73 73 73 73 73 73 23 92 92 25 92 92 73 23 73 73 73 73 73 73 73 73 73 73 73 73 73 73 73 73 73 73 73 73 73 73 73 73 73 73 73 73 73 73 73 73 73 73 73 73 73 73 73 73 73 73 73 73 73 73 73 73 73 73 73 73 73 73 73 73 73 73 73 73 73 73 73 73 73 73 73 73 73 73 73 73 73 73 73 73 73 73 73 73 73 73 73 73 73 73 73 73 73 73 73 73 73 73 73 73 73 73 73 73 73 73 73 73 73 73 73 73 73 73 73 73 73 73 73 73 73 73 73 73 73 73 73 73 73 73 73 73 73 73 73 73 73 73 73 73 73 73 73 73 73 73 73 73 73 73 73 73 73 73 73 73 73 73 73 73 73 73 73 73 73 73 73 73 73 73 73 73 73 73 73 73 73 73 73 73 73 73 73 73 73 73 73 73 73 73 73 73 73 73 73 73 73 73 73 73 73 73 73 73 73 73 73 73 73 73 73 73 73 73 73 73 73 73 73 73 73 73 73 73 73 73 73 73 73 73 73 73 73 73 73 73 73 73 73 73 73 73 73 73 73 73 73 73 73 73 73 73 73 73 73 73 73 73 73 73 73 73 73 73 73 73 73 73 73 73 73 73 73 73 73 73 73 73 73 73 73 73 73 73 73 73 73 73 73 73 73 73 73 73 73 73 73 73 73 73 73 73 73 73 73 73 73 73 73 73 73 73 43 56 26 86 6 47 15 99 88 26 40 73 73 73 73 73 73 73 73 73 73 73 73 73 73 73 73 73 73 73 73 73 73 73 73 17 73 73 73 73 73 73 73 73 73 73 73 73 73 73 73 73 73 73 73 73 83 73 73 73 73 73 73 73 73 73 73 73 73 10
43 73 56 26 86 6 47 15 99 21 88 40 73 73 73 73 73 73 73 73 73 73 73 73 73 73 73 73 73 73 73 73 73 73 90 73 73 73 73 73 15 99 59 73 73 15 99 75 15 99 73 73 28 10
43 56 26 86 56 74 81 20 30 74 6 20 47 6 47 15 99 88 40 15 99 73 15 99 15 99 57 83 83 15 99 4 15 99 10 15 99 82 10 73 82 32 43 10 43 10 33 10 98 15 99 23 92 92 59 15 99 20 16 15 99 74 21 15 99 15 99 82 84 15 99 73 15 99 20 15 99 27 28 91 42 15 99 91 49 15 99 27 28 15 99 91 70 11 89 15 99 23 92 36 92 15 99 20 16 15 99 74 21 15 99 90 91 91 15 99 23 28 73 94 15 99 79 56 28 94 99 15 99 60 52 15 15 4 55 47 10
43 56 26 86 56 6 47 15 99 88 40 15 99 39 15 99 43 22 22 15 99 15 99 16 96 34 80 80 16 33 73 18 82 32 15 99 13 90 15 99 23 15 99 20 16 15 99 92 9 59 92 73 74 21 15 99 15 99 1 85 85 15 99 65 73 1 15 99 1 15 99 23 92 92 59 15 99 15 99 15 99 15 99 70 73 73 15 99 91 96 96 49 70 73 75 70 15 99 10
43 56 26 86 6 47 15 99 88 40 15 99 15 99 28 39 39 15 99 15 99 73 80 15 99 28 15 99 34 15 99 15 99 43 90 10
43 56 26 16 74 21 10
43 56 26 16 74 21 10
43 56 26 86 6 47 15 99 88 40 15 99 15 99 70 73 73 15 99 15 99 15 99 15 99 80 69 15 99 70 73 15 99 73 15 4 10
43 56 26 86 6 47 15 99 88 40 15 99 15 99 6 41 73 15 99 73 81 15 99 73 15 99 15 40 64 15 99 73 15 73 73 54 15 73 4 10
43 56 26 86 6 47 15 99 88 40 15 99 15 99 10 90 15 99 15 99 15 99 31 73 34 24 10
43 56 26 86 6 47 15 99 88 40 15 99 15 99 36 36 15 99 15 99 15 99 80 15 99 55 15 99 80 9 10
43 56 26 86 6 47 15 99 88 40 15 99 15 99 64 44 15 99 55 36 15 99 15 99 47 15 99 45 73 15 23 88 77 4 73 90 73 100 70 83 15 99 15 99 10
43 56 26 86 6 47 15 99 88 40 15 99 15 99 90 75 15 99 15 99 63 15 99 56 42 10 15 99 73 54 12 15 56 10
43 56 26 86 74 81 20 30 74 6 20 47 6 47 15 99 88 40 15 99 15 99 8 83 15 99 73 15 99 15 99 99 94 15 99 56 24 18 13 10
43 56 26 86 6 47 15 99 88 40 15 99 15 99 36 36 15 99 15 99 15 99 58 80 15 99 15 15 99 42 73 73 17 35 10
43 56 26 86 6 47 15 99 88 40 15 99 15 99 60 44 15 99 15 99 56 96 15 99 15 99 15 32 12 15 99 40 90 15 99 23 92 36 92 15 99 20 16 15 99 91 74 21 15 99 28 83 83 15 99 15 99 91 56 10 47 10 47 10
43 56 26 16 74 21 10
43 56 26 86 6 47 15 99 88 40 15 99 15 99 33 33 15 99 15 99 15 99 73 87 47 73 15 99 60 30 73 73 1 77 73 15 99 96 99 76 76 75 15 99 33 10
43 56 26 86 6 47 15 99 88 40 15 99 40 15 99 15 99 92 15 99 73 15 99 73 15 99 24 15 99 1 1 58 15 99 15 99 15 99 10
43 56 26 86 6 47 15 99 88 40 15 99 59 15 99 19 63 63 15 99 15 99 15 99 54 66 60 66 10
43 56 26 86 6 47 15 99 88 40 15 99 73 15 99 73 15 99 15 99 5 15 99 15 99 73 73 81 15 99 25 15 99 81 73 5 76 44 15 99 1 73 10
43 56 26 86 6 47 15 99 88 40 15 99 15 99 91 15 99 15 99 15 99 15 99 44 15 99 26 15 99 82 15 99 18 1 32 32 73 64 89 33 9 71 73 32 58 71 32 10
43 56 26 86 56 6 47 15 99 88 40 15 99 50 15 99 73 15 99 67 15 99 46 15 99 15 99 33 32 15 99 73 71 64 15 99 73 33 71 73 99 73 71 8 9 73 4 73 15 99 15 99 9 4 64 73 71 99 33 89 73 64 10
43 56 26 86 6 47 15 99 88 40 15 99 99 15 99 99 15 99 67 15 99 15 99 89 73 91 15 99 15 99 15 99 73 15 99 24 15 73 24 61 15 99 29 84 15 99 10 100 73 10
43 56 26 86 74 81 20 30 74 6 20 47 6 47 15 99 88 40 15 99 77 15 99 60 84 84 15 99 15 99 15 99 15 99 18 82 15 99 18 60 73 10
43 56 26 86 6 47 15 99 88 40 15 99 15 99 13 26 26 15 99 15 99 15 99 15 99 17 15 99 13 26 26 15 99 15 99 73 15 99 28 52 73 37 73 9 56 73 5 27 10
43 56 26 86 56 6 47 15 99 88 40 15 99 36 15 99 15 99 15 99 73 15 99 15 99 91 73 15 99 15 99 15 99 67 15 99 10
43 56 26 86 6 47 15 99 88 40 15 99 52 15 99 100 41 63 15 99 73 15 99 15 99 15 99 15 99 64 58 15 99 15 99 11 73 5 15 99 75 41 15 99 73 10
43 56 26 86 6 47 15 99 88 40 15 99 64 63 63 15 99 37 15 99 66 15 99 15 99 23 92 36 92 15 99 42 73 15 99 35 15 99 15 99 23 92 36 92 15 99 15 99 44 94 17 17 15 99 15 99 64 52 73 15 99 28 15 99 23 15 99 15 99 92 59 15 99 92 15 99 10 90 15 99 15 99 5 90 1 15 99 23 15 99 92 23 15 99 7 59 92 15 99 15 99 94 90 15 99 15 99 66 15 99 33 24 73 34 34 10
43 56 26 86 6 47 15 99 88 40 15 99 32 15 99 73 15 99 23 92 59 92 15 99 15 99 23 15 99 15 99 33 62 62 15 99 15 99 73 81 89 15 99 23 92 36 92 15 99 15 99 31 15 99 15 99 67 15 99 23 15 99 61 73 84 15 99 73 18 44 73 10
43 56 26 86 6 47 73 15 99 88 40 15 99 80 15 99 81 15 99 73 15 99 15 99 99 81 15 99 25 15 99 95 77 73 73 15 99 5 15 99 73 15 99 66 96 77 10
43 56 26 86 56 6 47 15 99 88 40 15 99 31 15 99 100 76 15 99 15 99 15 99 33 15 99 15 99 99 61 15 99 33 15 99 10
43 56 26 86 56 6 47 15 99 88 40 15 99 58 15 99 71 73 15 99 73 15 99 15 99 67 15 99 15 99 73 31 77 73 10
43 56 26 86 56 6 47 15 99 88 40 15 99 15 99 99 33 15 99 44 15 99 15 99 32 60 15 99 15 99 15 99 18 46 67 73 15 99 15 99 1 15 99 100 15 99 58 32 10 1 73 10
43 56 26 86 56 6 47 15 99 88 40 15 99 100 15 99 46 67 15 99 44 15 99 15 99 73 15 99 15 99 31 71 73 10
43 56 26 86 74 81 20 30 74 6 20 47 6 47 15 99 88 40 15 99 13 73 15 99 71 67 15 99 15 99 44 15 99 58 1 15 99 15 99 15 77 10
43 56 26 86 56 6 47 15 99 88 40 15 99 30 15 99 15 25 15 99 15 99 32 15 99 73 15 99 15 99 18 60 73 10
43 56 26 86 6 47 15 99 88 40 15 99 99 15 99 71 76 15 99 73 15 99 73 99 46 15 99 73 15 99 31 73 1 44 15 99 73 73 99 73 46 31 60 73 100 88 10
43 56 26 86 6 47 15 99 88 40 15 99 36 73 15 99 61 15 99 15 99 15 99 15 99 14 71 76 15 99 99 58 34 1 15 99 15 99 15 99 73 49 18 100 10
43 56 26 86 6 47 15 99 88 40 15 99 93 15 99 61 67 15 99 15 99 73 64 46 73 15 99 15 99 14 92 73 15 99 76 73 15 99 15 99 99 46 44 15 99 15 99 73 99 15 99 71 73 15 99 99 92 15 99 67 15 99 64 8 15 99 73 64 15 99 71 73 30 46 73 76 73 28 54 73 8 33 8 73 36 8 73 83 73 99 8 10
43 56 26 86 56 6 47 15 99 88 40 15 99 30 15 99 15 15 99 77 15 99 32 15 99 15 99 79 15 99 54 73 30 24 74 15 99 33 95 15 99 71 15 99 23 15 99 92 15 99 59 92 73 15 99 49 15 99 15 99 15 99 73 82 15 99 10
43 56 26 86 56 6 47 15 99 88 40 15 99 15 99 71 23 23 15 99 15 99 73 15 99 49 15 99 6 63 63 15 99 69 6 23 23 64 15 99 23 15 99 92 15 99 92 15 99 59 23 15 99 73 76 40 15 99 15 99 35 32 32 15 99 27 15 99 23 15 99 15 99 92 36 92 23 92 15 99 85 85 15 99 41 15 99 23 92 92 59 15 99 15 99 15 99 15 99 24 45 23 15 99 73 45 73 15 99 34 60 2 2 15 99 36 35 73 10
43 56 26 86 6 47 15 99 88 40 15 99 99 73 15 99 71 76 15 99 33 15 99 73 15 99 67 73 99 61 15 99 15 99 24 99 56 15 99 76 10
43 56 26 86 6 47 15 99 88 40 15 99 15 99 32 15 99 15 99 15 99 76 15 99 15 99 77 44 15 99 73 15 99 15 99 71 15 99 99 77 25 25 31 73 77 10
43 56 26 86 6 47 15 99 88 40 15 99 15 99 15 15 99 76 15 99 73 15 99 92 73 38 15 99 15 99 10
43 56 26 86 6 47 15 99 88 40 15 99 15 99 32 15 99 15 99 73 73 76 15 99 81 73 15 99 15 99 73 10
43 56 26 86 74 81 20 30 74 6 20 47 6 47 15 99 88 40 15 99 15 99 99 88 15 99 15 99 28 15 99 61 15 99 15 99 7 15 99 28 15 99 15 99 10
43 56 26 86 6 47 15 99 88 40 15 99 10 15 99 15 99 15 99 21 15 99 22 21 67 19 23 73 60 10
43 56 26 86 6 47 15 99 88 40 15 99 67 15 99 61 15 99 15 99 10 73 16 10
43 56 26 86 6 47 15 99 88 40 15 99 7 15 99 24 24 73 15 99 88 73 22 78 23 73 73 10 88 22 21 73 15 99 22 88 78 10
43 56 26 86 6 47 15 99 88 40 15 99 15 99 61 15 99 73 32 73 10
43 56 26 86 56 6 47 15 99 88 40 15 99 22 15 99 32 89 15 99 22 28 73 16 10
43 56 26 86 56 6 47 15 99 88 40 15 99 15 99 93 78 15 99 73 88 73 32 10
43 56 26 86 6 47 15 99 88 40 15 99 67 15 99 32 15 99 73 78 60 32 73 15 99 15 99 22 73 21 61 67 73 23 73 10
43 56 26 86 56 6 47 15 99 88 40 15 99 22 15 99 88 15 99 16 62 23 10
43 56 26 86 6 47 15 99 88 40 15 99 82 15 99 15 99 61 15 99 15 99 67 23 73 15 99 60 10
43 56 26 86 6 47 15 99 88 40 15 99 22 15 99 77 15 99 60 73 89 62 78 50 73 73 22 77 73 10
43 56 26 86 56 74 81 20 30 74 6 20 47 6 47 15 99 88 40 15 99 36 15 99 16 73 88 15 99 15 99 15 99 41 15 99 88 15 99 77 22 10
43 56 26 86 6 47 15 99 88 40 15 99 36 15 99 93 78 73 15 99 15 99 15 99 15 99 73 60 88 15 99 89 73 10
43 56 26 86 56 6 47 15 99 88 40 15 99 15 99 93 78 15 99 15 99 15 99 15 99 15 99 21 15 99 10
43 56 26 86 56 6 47 15 99 88 40 15 99 22 15 99 21 15 99 78 36 23 38 15 99 67 15 99 73 60 15 99 73 82 32 73 22 32 10
43 56 26 86 6 47 15 99 88 40 15 99 60 15 99 88 73 15 99 60 23 16 73 19 15 99 15 99 10 32 15 99 15 99 15 99 22 89 10
43 56 26 86 6 47 15 99 88 40 15 99 15 99 15 99 33 16 15 99 1 78 15 99 10
43 56 26 86 6 47 15 99 88 40 15 99 82 15 99 15 99 73 82 15 99 61 15 99 73 10
43 56 26 86 56 6 47 15 99 88 40 15 99 15 99 73 15 99 21 21 61 73 10
43 56 26 86 56 6 47 15 99 88 40 15 99 15 99 73 15 99 88 15 99 15 99 89 15 99 10
43 56 26 86 56 6 47 15 99 88 40 15 99 15 99 32 15 99 89 73 15 99 77 73 15 99 15 99 10
43 56 26 86 56 6 47 15 99 88 40 15 99 22 15 99 32 15 99 73 10 21 15 99 15 99 73 11 26 73 60 21 73 10
43 56 26 86 56 74 81 20 30 74 6 20 47 6 47 15 99 88 40 15 99 15 99 15 99 16 62 73 10
43 56 26 86 6 47 15 99 88 40 15 99 15 99 15 99 73 15 99 73 19 23 73 15 99 73 10
43 56 26 86 6 47 15 99 88 40 15 99 15 99 78 15 99 61 10
43 56 26 86 56 6 47 15 99 88 40 15 99 60 15 99 15 99 36 78 10 10
43 56 26 86 6 47 15 99 88 40 15 99 67 15 99 93 78 15 99 73 22 21 10
43 56 26 86 6 47 15 99 88 40 15 99 82 15 99 78 15 99 67 10
43 56 26 86 56 6 47 15 99 88 40 15 99 22 15 99 15 99 21 60 61 23 67 21 22 88 10
43 56 26 86 56 6 47 15 99 88 40 15 99 60 15 99 32 15 99 15 99 15 99 15 99 73 10 32 73 15 99 15 99 10
43 56 26 86 6 47 15 99 88 40 15 99 60 15 99 21 15 99 22 88 15 99 15 99 88 15 99 10
43 56 26 86 56 6 47 15 99 88 40 15 99 22 15 99 15 99 78 73 60 59 73 61 67 10
43 56 26 86 6 47 15 99 88 40 15 99 36 15 99 15 99 15 99 15 99 60 15 99 10 99 73 89 73 16 9 10
43 56 26 86 74 81 20 30 74 6 20 47 6 47 15 99 88 40 15 99 22 15 99 26 15 99 10 15 99 15 99 15 99 15 99 15 99 16 15 99 80 10
43 56 26 86 56 6 47 15 99 88 40 15 99 22 15 99 32 15 99 60 21 73 73 10
43 56 26 86 6 47 15 99 88 40 15 99 62 15 99 32 78 15 99 73 60 88 73 10 88 15 99 15 99 61 15 99 7 9 10
43 56 26 86 6 47 15 99 88 40 15 99 62 15 99 78 15 99 60 73 60 10
43 56 26 86 56 6 47 15 99 88 40 15 99 22 15 99 15 99 61 62 10
43 56 26 86 6 47 15 99 88 40 15 99 10 73 15 99 15 99 73 78 67 15 99 15 99 10
43 56 26 86 6 47 15 99 88 40 15 99 82 15 99 15 99 15 99 22 73 52 16 73 62 15 99 73 15 99 15 99 60 21 15 99 10
43 56 26 86 6 47 15 99 88 40 15 99 36 15 99 78 15 99 10 15 99 22 15 99 15 99 10
43 56 26 86 56 6 47 15 99 88 40 15 99 67 15 99 61 15 99 60 15 99 10
43 56 26 86 6 47 15 99 88 40 15 99 15 99 15 99 15 99 73 15 99 73 78 73 10
43 56 26 86 6 47 15 99 88 40 15 99 15 99 78 15 99 73 73 81 15 99 15 15 99 73 15 99 71 64 64 10
43 56 26 86 74 81 20 30 74 6 20 47 6 47 15 99 88 40 15 99 17 15 99 15 99 60 19 73 10
43 56 26 86 6 47 15 99 88 40 15 99 73 35 32 32 15 99 15 99 34 8 41 14 98 15 99 73 66 10
43 56 26 86 6 47 15 99 88 40 15 99 15 99 33 62 62 15 99 15 99 15 99 72 41 24 49 24 43 15 99 5 49 50 50 10
43 56 26 86 6 47 15 99 88 40 15 99 15 99 33 62 62 15 99 15 99 73 15 99 15 99 73 41 15 99 65 10
43 56 26 86 6 47 15 99 88 40 15 99 15 99 57 15 99 23 15 99 15 99 92 15 99 59 92 15 99 15 99 33 8 15 99 33 15 99 60 74 77 93 74 10 95 70 15 99 76 10
43 56 26 86 6 47 15 99 88 40 15 99 15 99 20 24 24 15 99 15 67 15 99 15 99 73 7 74 15 99 23 15 99 15 99 59 92 36 92 15 99 15 99 97 97 15 99 8 23 15 99 66 15 99 23 92 59 92 15 99 15 99 15 99 15 99 35 93 15 99 23 34 93 35 88 14 95 70 21 100 15 99 23 92 59 92 15 99 15 99 45 15 99 15 99 78 44 44 15 99 15 99 25 100 37 98 15 99 69 15 99 42 77 11 42 73 10
43 56 26 86 6 47 15 99 88 40 15 99 30 15 99 68 62 62 15 99 37 73 43 15 99 23 92 36 92 15 99 15 99 15 99 5 21 21 15 99 23 47 28 15 99 23 15 99 15 99 92 30 15 59 99 92 15 99 36 17 17 15 99 68 23 15 99 48 73 27 64 13 15 99 15 99 23 92 36 92 15 99 53 23 15 99 10 90 15 99 94 10 90 15 99 23 92 36 92 15 99 15 99 36 15 99 36 15 99 33 15 4 99 15 99 76 15 99 15 99 40 95 15 99 26 15 99 23 92 59 92 15 99 15 99 30 15 99 15 99 46 62 62 15 99 76 51 15 99 23 92 36 92 15 99 15 99 15 99 10 94 90 15 99 94 90 15 99 37 36 15 99 23 92 59 92 15 99 15 99 68 15 99 15 99 15 99 62 17 17 15 99 48 73 68 96 94 15 99 15 99 23 92 36 92 15 99 23 15 99 15 23 92 36 92 99 15 99 91 23 31 34 81 15 99 15 99 15 99 95 15 99 95 15 99 15 99 26 15 99 23 92 59 92 15 99 15 99 62 15 99 23 15 99 68 62 62 15 99 37 89 15 99 73 5 57 15 99 23 15 99 15 92 99 92 36 92 24 5 21 21 15 99 23 28 15 99 95 37 15 99 23 15 99 15 99 92 59 15 99 92 15 99 72 9 9 15 99 23 73 76 86 86 15 99 75 51 15 99 23 92 36 92 15 99 15 99 96 24 15 5 21 21 99 15 99 23 14 47 15 99 23 92 59 92 15 99 15 99 68 15 99 15 99 71 66 66 15 99 89 23 75 15 99 89 5 41 95 10
43 56 26 86 6 47 15 99 88 40 15 99 98 100 40 15 99 15 99 15 99 40 95 15 99 95 15 99 15 99 71 15 99 23 92 59 92 15 99 15 99 23 15 99 15 99 72 43 43 15 99 62 17 17 15 99 15 99 43 15 99 15 23 92 36 92 99 15 99 16 23 24 5 21 21 95 15 99 15 99 47 94 15 99 23 92 59 92 15 99 15 99 57 15 99 23 15 99 98 81 81 15 99 27 94 15 99 15 99 23 92 36 92 15 99 15 99 5 21 21 15 99 23 14 4 15 99 23 92 59 92 15 99 15 99 15 99 15 99 98 81 81 15 99 23 89 9 9 85 89 12 15 99 23 92 36 92 15 99 15 99 53 15 99 10 94 15 99 15 99 23 92 36 92 15 99 36 15 99 23 71 50 15 99 73 40 15 99 95 15 99 15 99 79 15 99 15 99 34 81 79 79 81 73 15 99 23 92 59 92 15 99 15 99 34 15 99 15 99 50 89 72 72 15 99 85 12 15 99 15 23 92 36 92 99 15 99 23 24 5 21 15 99 21 15 99 15 99 47 28 15 99 23 92 59 92 15 99 15 99 90 15 99 15 99 27 81 81 15 99 75 15 99 43 15 99 15 99 23 92 36 92 15 99 98 15 99 94 90 15 99 90 47 15 99 47 4 15 99 23 92 59 92 15 99 15 99 10 15 99 15 99 50 72 72 15 99 84 23 73 76 75 15 99 51 15 99 15 23 92 36 92 99 15 99 41 15 99 10 94 90 90 15 99 47 28 15 99 23 92 59 92 15 99 15 99 15 99 15 99 96 86 86 15 99 75 81 81 15 99 15 99 43 15 99 15 23 92 36 92 99 15 99 96 23 10 15 99 47 75 75 15 99 28 37 15 99 23 92 59 92 15 99 15 99 15 99 23 15 99 40 83 13 13 15 99 15 99 78 33 33 15 99 13 15 99 23 92 59 92 15 99 15 99 57 15 99 15 99 98 81 81 15 99 27 85 27 15 99 51 15 99 15 23 92 36 92 99 15 99 23 79 34 46 46 15 99 15 99 95 5 15 99 23 92 59 92 15 99 15 99 83 15 99 23 73 15 99 98 81 81 15 99 89 85 27 15 99 15 99 5 17 15 99 12 3 10
43 56 26 86 6 47 15 99 88 40 15 99 89 15 99 9 9 15 99 72 27 73 75 12 15 99 23 92 36 92 15 99 15 99 23 24 15 99 23 92 36 92 15 99 15 99 49 15 99 71 40 40 15 99 15 99 95 15 99 15 99 79 15 99 40 15 99 23 92 59 92 15 99 15 99 35 15 99 15 99 88 72 72 15 99 20 73 75 15 99 43 15 99 15 23 92 36 92 99 15 99 15 99 10 28 15 94 90 99 15 99 75 15 99 73 47 15 99 23 92 59 92 15 99 15 99 15 99 15 99 35 60 60 15 99 81 54 15 99 23 92 59 92 15 99 15 99 24 15 99 15 99 76 86 86 15 99 73 15 99 15 99 85 15 99 85 73 98 10
43 56 26 86 56 6 47 15 99 88 40 15 99 92 31 79 15 99 79 15 99 81 40 73 40 15 99 23 92 59 92 15 99 15 99 2 15 99 15 99 50 72 72 15 99 89 27 75 27 12 15 99 15 99 23 92 36 92 15 99 15 99 15 99 23 10 90 90 15 99 94 28 94 15 99 23 92 59 92 15 99 15 99 48 15 99 23 15 99 98 66 66 15 99 5 15 99 51 15 99 15 23 92 36 92 99 15 99 23 24 5 21 21 95 15 99 15 99 95 73 28 15 99 23 92 59 92 15 99 15 99 37 15 99 23 15 99 72 9 9 15 99 89 5 27 15 99 75 15 99 13 15 99 23 92 36 92 15 99 15 99 94 23 90 15 99 90 15 99 15 99 14 47 15 99 23 92 59 92 15 99 15 99 49 23 15 99 15 99 51 81 81 15 99 55 15 99 73 85 15 99 15 99 15 99 85 73 15 99 15 99 84 73 57 15 99 23 92 36 92 15 99 15 99 94 90 15 99 90 15 99 15 99 14 73 28 15 99 23 92 59 92 15 99 15 99 29 15 99 15 99 98 81 81 15 99 23 76 75 15 99 27 73 84 85 27 10
43 56 26 86 6 47 15 99 88 40 15 99 15 99 75 81 81 15 99 76 43 98 55 15 99 15 15 99 15 99 23 92 36 92 15 99 10 90 15 94 99 90 15 99 15 99 28 47 47 15 99 23 92 59 92 15 99 15 99 15 99 15 99 15 99 72 43 43 15 99 73 76 86 86 96 15 99 15 99 15 99 43 15 99 23 92 36 92 15 99 15 99 24 5 21 21 37 15 99 15 99 23 28 95 37 15 99 23 92 59 92 15 99 15 99 15 99 15 99 20 9 9 15 99 23 76 86 86 15 99 51 15 99 15 23 92 36 92 99 15 99 76 23 94 90 90 15 99 15 99 14 4 15 99 23 92 59 92 15 99 15 99 23 15 99 15 99 98 86 86 15 99 15 99 76 86 86 15 99 13 15 99 15 23 92 36 92 99 15 99 19 23 24 15 99 15 23 99 92 15 99 49 36 15 99 92 40 33 15 99 15 95 99 15 99 95 15 99 26 15 99 23 92 59 92 15 99 15 99 15 99 15 99 98 86 86 15 99 96 86 86 73 15 99 13 15 99 15 23 92 36 92 99 15 99 10 94 90 15 99 90 15 99 15 99 28 95 37 15 99 23 92 59 92 15 99 15 99 15 99 15 99 84 9 9 15 99 98 81 81 15 99 15 99 76 51 15 99 23 92 36 92 15 99 15 99 15 99 5 21 21 73 23 92 96 92 43 56 26 16 56 88 40 74 21 20 83 10
43 56 26 16 92 88 40 74 21 20 83 10
43 56 26 86 6 47 15 99 15 99 56 73 73 73 73 73 73 73 73 73 73 73 73 10
43 56 26 16 88 40 74 21 20 83 92 92 10
43 56 26 16 88 40 74 21 20 83 92 92 10
43 56 26 16 56 88 40 74 21 20 83 92 92 10
43 56 26 16 88 40 74 21 20 83 92 92 10
43 56 26 16 88 40 74 21 20 83 92 92 10
43 56 26 16 88 40 74 21 20 83 92 92 10
43 56 26 16 88 40 74 21 20 83 10
43 56 26 16 88 40 74 21 92 20 83 10
43 56 26 16 88 40 74 21 20 83 10
43 56 26 16 88 40 74 21 20 83 10
43 56 26 16 88 40 74 21 20 83 92 10
43 56 26 16 88 40 74 21 20 83 92 92 10
43 56 26 16 88 40 74 21 20 83 10
43 56 26 16 88 40 74 21 20 83 10
43 56 26 16 88 40 74 21 20 83 10
43 56 26 16 88 40 74 21 20 83 92 92 10
43 56 26 16 88 40 74 21 92 20 83 10
43 56 26 16 88 40 74 21 20 83 10
43 56 26 16 88 40 74 21 20 83 10
43 56 26 16 88 40 74 21 20 83 10
43 56 26 16 88 40 74 21 20 83 92 10
43 56 26 16 88 40 74 21 20 83 92 92 10
43 56 26 16 88 40 74 21 20 83 10
43 56 26 16 88 40 74 21 20 83 92 92 10
43 56 26 16 88 40 74 21 20 83 92 92 10
43 56 26 16 88 40 74 21 20 83 10
43 56 26 16 88 40 74 21 20 83 92 92 10
43 56 26 16 88 40 74 21 20 83 92 92 10
43 56 26 16 88 40 74 21 20 83 92 10
43 56 26 16 88 40 74 21 20 83 10
43 56 26 16 88 40 74 21 20 83 92 92 10
43 56 26 16 88 40 74 21 20 83 10
43 56 26 16 88 40 74 21 20 83 10
43 56 26 16 88 40 74 21 92 20 83 10
43 56 26 16 88 40 74 21 20 83 92 10
43 56 26 16 56 88 40 74 21 20 83 92 92 10
43 56 26 16 88 40 74 21 92 20 83 10
43 56 26 16 88 40 74 21 20 83 92 92 10
43 56 26 16 88 40 74 21 20 83 10
43 56 26 16 88 40 74 21 20 83 92 92 10
43 56 26 16 88 40 74 21 92 20 83 10
43 56 26 16 88 40 74 21 20 83 92 92 10
43 56 26 16 88 40 74 21 20 83 10
43 56 26 16 88 40 74 21 20 83 92 92 10
43 56 26 86 56 6 47 15 99 15 99 73 73 73 64 73 73 73 73 73 10
43 56 26 16 88 40 74 21 20 83 10
43 56 26 16 88 40 74 21 92 20 83 10
43 56 26 16 56 88 40 74 21 20 83 92 92 10
43 56 26 16 88 40 74 21 20 83 92 10
43 56 26 16 88 40 74 21 20 83 10
43 56 26 16 88 40 74 21 20 83 92 92 10
43 56 26 16 88 40 74 21 20 83 92 10
43 56 26 16 88 40 74 21 20 83 92 10
43 56 26 16 88 40 74 21 20 83 92 92 10
43 56 26 16 88 40 74 21 20 83 10
43 56 26 16 88 40 74 21 92 20 83 10
43 56 26 16 88 40 92 74 21 20 83 10
43 56 26 16 88 40 74 21 20 83 10
43 56 26 16 88 40 74 21 20 83 10
43 56 26 16 88 40 74 21 20 83 10
43 56 26 16 88 40 74 21 20 83 92 92 10
43 56 26 16 88 40 74 21 20 83 10
43 56 26 16 88 40 74 21 92 20 83 10
43 56 26 16 88 40 74 21 20 83 10
43 56 26 16 88 40 74 21 20 83 92 92 10
43 56 26 16 88 40 74 21 20 83 92 92 10
43 56 26 16 88 40 74 21 20 83 92 92 10
43 56 26 16 88 40 74 21 20 83 10
43 56 26 16 88 40 74 21 20 83 92 92 10
43 56 26 16 88 40 74 21 20 83 92 92 10
43 56 26 16 88 40 74 21 20 83 92 10
43 56 26 16 88 40 74 21 20 83 10
43 56 26 16 88 40 74 21 20 83 92 92 10
43 56 26 16 88 40 74 21 20 83 92 10
43 56 26 16 88 40 74 21 20 83 92 92 10
43 56 26 16 88 40 74 21 20 83 92 92 10
43 56 26 16 88 40 74 21 20 83 92 92 10
43 56 26 16 88 40 74 21 20 83 92 92 10
43 56 26 16 88 40 74 21 20 83 92 92 10
43 56 26 16 88 40 74 21 20 83 92 92 10
43 56 26 16 88 40 92 74 21 20 83 10
43 56 26 16 88 40 74 21 20 83 10
43 56 26 16 88 40 74 21 20 83 92 92 10
43 56 26 16 88 40 74 21 20 83 92 92 10
43 56 26 16 88 40 74 21 20 83 92 10
43 56 26 16 88 40 74 21 20 83 92 92 10
43 56 26 16 88 40 74 21 20 83 10
43 56 26 16 88 40 74 21 20 83 92 92 10
43 56 26 16 88 40 74 21 20 83 10
43 56 26 16 88 40 74 21 20 83 10
43 56 26 16 88 40 74 21 20 83 10
43 56 26 16 88 40 74 21 20 83 10
43 56 26 16 88 40 74 21 92 20 83 10
43 56 26 16 88 40 74 21 20 83 92 92 10
43 56 26 16 88 40 74 21 20 83 92 92 10
43 56 26 16 88 40 74 21 20 83 10
43 56 26 16 88 40 74 21 20 83 92 92 10
43 56 26 16 88 40 74 21 20 83 10
43 56 26 16 88 40 74 21 20 83 92 92 10
43 56 26 16 88 40 74 21 20 83 10
43 56 26 16 88 40 74 21 92 20 83 10
43 56 26 16 88 40 74 21 20 83 10
43 56 26 16 88 40 74 21 20 83 92 92 10
43 56 26 16 88 40 74 21 20 83 10
43 56 26 16 88 40 74 21 20 83 10
43 56 26 16 88 40 74 21 20 83 92 92 10
43 56 26 16 88 40 74 21 20 83 10
43 56 26 16 88 40 74 21 20 83 10
43 56 26 16 88 40 74 21 20 83 92 10
43 56 26 16 88 40 74 21 20 83 10
43 56 26 16 88 40 74 21 20 83 92 10
43 56 26 16 88 40 74 21 20 83 92 92 10
43 56 26 16 56 88 40 74 21 20 83 10
43 56 26 16 88 40 74 21 20 83 92 10
43 56 26 16 88 40 92 74 21 20 83 10
43 56 26 16 88 40 74 21 20 83 92 92 10
43 56 26 16 88 40 74 21 20 83 92 10
43 56 26 16 88 40 74 21 20 83 10
43 56 26 16 88 40 92 74 21 20 83 10
43 56 26 16 88 40 74 21 20 83 10
43 56 26 16 88 40 74 21 20 83 10
43 56 26 16 88 40 74 21 20 83 92 92 10
43 56 26 16 88 40 74 21 20 83 92 92 10
43 56 26 16 88 40 74 21 20 83 10
43 56 26 16 88 40 92 74 21 20 83 10
43 56 26 16 88 40 74 21 20 83 92 92 10
43 56 26 16 88 40 74 21 20 83 92 92 10
43 56 26 16 88 40 74 21 20 83 92 92 10
43 56 26 16 88 40 74 21 20 83 92 92 10
43 56 26 16 88 40 74 21 20 83 10
43 56 26 16 88 40 74 21 92 20 83 10
43 56 26 16 88 40 74 21 20 83 92 92 10
43 56 26 16 88 40 74 21 20 83 10
43 56 26 16 88 40 74 21 20 83 10
43 56 26 16 88 40 74 21 20 83 10
43 56 26 16 88 40 74 21 20 83 92 92 10
43 56 26 16 88 40 74 21 20 83 10
43 56 26 16 88 40 74 21 20 83 92 92 10
43 56 26 16 88 92 40 74 21 20 83 10
43 56 26 16 92 88 40 74 21 20 83 10
43 56 26 16 88 40 74 21 20 83 92 92 10
43 56 26 16 88 40 74 21 92 20 83 10
43 56 26 16 88 40 74 21 20 83 10
43 56 26 16 88 40 74 21 20 83 92 92 10
43 56 26 16 88 40 74 21 20 83 92 10
43 56 26 16 88 40 74 21 20 83 10
43 56 26 16 88 40 74 21 20 83 92 92 10
43 56 26 16 88 40 74 21 20 83 10
43 56 26 86 74 19 20 88 6 47 15 99 15 99 73 15 99 73 73 73 73 73 73 73 10
43 56 26 16 88 40 74 21 20 83 92 10
43 56 26 16 88 40 74 21 92 20 83 10
43 56 26 16 88 40 74 21 92 20 83 10
43 56 26 16 88 40 74 21 20 83 10
43 56 26 16 88 40 74 21 92 20 83 10
43 56 26 16 88 40 74 21 20 83 10
43 56 26 16 88 40 92 74 21 20 83 10
43 56 26 16 88 40 74 21 20 83 10
43 56 26 16 88 40 74 21 92 20 83 10
43 56 26 16 88 40 74 21 20 83 10
43 56 26 16 88 40 74 21 92 20 83 10
43 56 26 16 88 40 74 21 20 83 92 92 10
43 56 26 16 88 40 74 21 92 20 83 10
43 56 26 16 88 40 74 21 20 83 92 92 10
43 56 26 16 88 40 74 21 20 83 92 92 10
43 56 26 16 88 40 74 21 20 83 92 92 10
43 56 26 16 88 40 74 21 20 83 92 92 10
43 56 26 16 88 40 74 21 20 83 92 92 10
43 56 26 16 92 88 40 74 21 20 83 10
43 56 26 16 88 40 74 21 20 83 10
43 56 26 16 56 88 92 40 74 21 20 83 10
43 56 26 16 88 40 74 21 20 83 92 92 10
43 56 26 16 88 40 74 21 20 83 92 92 10
43 56 26 16 88 40 74 21 20 83 10
43 56 26 16 88 40 74 21 92 20 83 10
43 56 26 16 88 40 74 21 20 83 10
43 56 26 16 88 40 74 21 20 83 10
43 56 26 16 88 40 74 21 20 83 10
43 56 26 16 88 40 74 21 20 83 92 10
43 56 26 16 88 40 74 21 92 20 83 10
43 56 26 16 88 40 74 21 20 83 92 92 10
43 56 26 16 92 23 88 40 74 21 20 83 10
43 56 26 16 88 40 74 21 20 83 92 92 10
43 56 26 16 88 40 74 21 20 83 92 92 10
43 56 26 16 88 40 74 21 20 83 92 92 10
43 56 26 16 88 40 92 74 21 20 83 10
43 56 26 16 88 40 92 74 21 20 83 10
43 56 26 16 88 40 74 21 20 83 92 92 10
43 56 26 16 92 88 40 74 21 20 83 10
43 56 26 16 88 40 74 21 20 83 92 92 10
43 56 26 16 88 40 74 21 20 83 92 92 10
43 56 26 16 88 40 74 21 20 83 92 92 10
43 56 26 16 92 88 40 74 21 20 83 10
43 56 26 16 88 40 74 21 20 83 10
43 56 26 16 88 40 74 21 20 83 10
43 56 26 16 88 40 74 21 20 83 10
43 56 26 86 74 19 20 88 6 47 15 99 15 99 15 99 73 73 73 73 73 10
43 56 26 16 88 40 74 21 20 83 10
43 56 26 16 88 40 74 21 20 83 10
43 56 26 16 88 40 74 21 20 83 92 10
43 56 26 16 88 40 74 21 20 83 92 92 10
43 56 26 16 88 40 74 21 20 83 92 92 10
43 56 26 16 88 40 74 21 92 20 83 10
43 56 26 16 88 40 74 21 20 83 92 92 10
43 56 26 16 88 40 74 21 20 83 10
43 56 26 16 88 40 74 21 20 83 92 92 10
43 56 26 16 56 88 40 74 21 92 20 83 10
43 56 26 16 88 40 74 21 20 83 92 92 10
43 56 26 16 88 40 74 21 20 83 10
43 56 26 16 88 40 74 21 20 83 10
43 56 26 16 88 40 74 21 20 83 92 10
43 56 26 16 88 40 74 21 20 83 10
43 56 26 16 88 40 74 21 20 83 10
43 56 26 16 88 40 74 21 20 83 92 10
43 56 26 16 88 40 74 21 20 83 92 10
43 56 26 16 88 40 74 21 20 83 92 92 10
43 56 26 16 88 40 74 21 20 83 10
43 56 26 86 74 19 20 88 6 47 15 99 15 99 15 99 73 73 73 73 73 73 10
43 56 26 16 88 40 74 21 20 83 92 92 10
43 56 26 16 88 40 92 74 21 20 83 10
43 56 26 16 88 40 74 21 20 83 92 10
43 56 26 16 88 40 74 21 20 83 10
43 56 26 16 88 40 92 74 21 20 83 10
43 56 26 16 88 40 74 21 20 83 10
43 56 26 16 88 40 74 21 20 83 92 92 10
43 56 26 16 88 40 74 21 20 83 10
43 56 26 16 88 40 74 21 20 83 92 10
43 56 26 16 88 40 74 21 20 83 92 92 10
43 56 26 16 88 40 74 21 92 20 83 10
43 56 26 16 56 88 40 74 21 20 83 92 92 10
43 56 26 16 88 40 74 21 20 83 10
43 56 26 16 56 88 40 74 21 20 83 92 10
43 56 26 16 88 40 74 21 20 83 92 92 10
43 56 26 16 88 40 74 21 20 83 92 92 10
43 56 26 16 88 40 74 21 20 83 10
43 56 26 16 88 40 92 74 21 20 83 10
43 56 26 16 88 40 74 21 20 83 10
43 56 26 16 88 40 74 21 20 83 92 10
43 56 26 16 88 40 74 21 20 83 92 10
43 56 26 16 88 40 74 21 20 83 10
43 56 26 16 88 40 74 21 92 20 83 10
43 56 26 16 88 40 74 21 20 83 92 92 10
43 56 26 16 56 88 40 74 21 20 83 10
43 56 26 16 88 40 74 21 20 83 10
43 56 26 16 56 88 40 74 21 20 83 92 92 10
43 56 26 16 88 40 74 21 20 83 10
43 56 26 16 56 88 40 74 21 20 83 92 10
43 56 26 16 88 40 74 21 20 83 92 92 10
43 56 26 16 88 40 74 21 20 83 92 10
43 56 26 16 88 40 74 21 20 83 92 92 10
43 56 26 16 88 40 74 21 20 83 92 10
43 56 26 16 88 40 74 21 20 83 10
43 56 26 16 88 40 74 21 20 83 92 92 10
43 56 26 16 88 40 74 21 20 83 92 92 10
43 56 26 86 74 19 20 88 6 47 15 99 15 99 15 99 73 73 73 73 73 73 73 73 73 73 73 10
43 56 26 16 88 40 74 21 20 83 10
43 56 26 16 88 40 74 21 20 83 10
43 56 26 16 88 40 74 21 20 83 10
43 56 26 16 88 40 74 21 20 83 92 92 10
43 56 26 16 88 40 74 21 20 83 92 10
43 56 26 16 88 40 74 21 20 83 92 92 10
43 56 26 16 88 40 74 21 92 20 83 10
43 56 26 86 6 47 15 99 15 99 36 73 27 84 73 27 73 73 73 73 80 73 73 73 84 73 73 73 31 73 73 10
43 56 26 16 88 40 74 21 92 20 83 10
43 56 26 16 88 40 74 21 92 20 83 10
43 56 26 16 88 40 74 21 20 83 10
43 56 26 16 88 40 92 74 21 20 83 10
43 56 26 16 88 40 74 21 92 20 83 10
43 56 26 16 88 40 74 21 20 83 10
43 56 26 16 88 40 74 21 20 83 10
43 56 26 16 88 40 74 21 20 83 92 92 10
43 56 26 16 88 40 74 21 20 83 92 10
43 56 26 16 88 40 74 21 20 83 10
43 56 26 16 88 40 74 21 20 83 92 92 10
43 56 26 16 88 40 74 21 20 83 92 92 10
43 56 26 16 88 40 74 21 20 83 10
43 56 26 16 88 40 74 21 20 83 92 10
43 56 26 16 88 40 74 21 20 83 92 92 10
43 56 26 16 88 40 74 21 20 83 92 92 10
43 56 26 16 88 40 74 21 92 20 83 10
43 56 26 16 88 40 74 21 20 83 92 92 10
43 56 26 16 88 40 92 74 21 20 83 10
43 56 26 16 88 40 74 21 20 83 92 10
43 56 26 16 88 40 74 21 20 83 92 92 10
43 56 26 16 56 88 40 74 21 20 83 92 92 10
43 56 26 16 92 88 40 74 21 20 83 10
43 56 26 16 88 40 74 21 20 83 92 92 10
43 56 26 16 56 88 40 74 21 20 83 10
43 56 26 16 88 40 74 21 20 83 10
43 56 26 16 88 40 74 21 20 83 92 92 10
43 56 26 86 56 6 47 15 99 20 86 88 40 15 99 73 15 86 99 20 86 15 99 10
43 56 26 86 6 47 15 99 88 40 15 99 73 10
43 56 26 86 6 47 15 99 88 40 15 99 73 64 15 99 73 99 27 15 99 15 99 23 15 99 15 99 92 23 58 73 73 73 73 73 73 73 73 10
43 56 26 86 23 56 6 47 15 99 88 40 15 99 73 73 73 73 73 73 73 10
43 56 26 86 6 47 15 99 88 40 15 99 20 86 73 15 86 99 20 86 73 15 99 73 73 73 10
43 56 26 86 6 47 15 99 88 40 15 99 73 61 15 99 73 63 15 99 15 99 23 15 99 87 92 92 73 73 73 73 73 73 73 73 10
43 56 26 86 56 6 47 15 99 20 86 88 40 15 99 15 86 99 20 86 15 99 73 73 73 73 73 10
43 56 26 86 6 47 15 99 88 40 15 99 73 69 15 99 23 92 36 15 99 15 99 23 20 15 99 15 99 23 92 36 15 99 23 10
43 56 26 86 56 6 47 15 99 20 86 88 40 15 99 73 15 86 99 20 86 15 99 73 91 15 99 19 73 75 15 99 23 15 99 15 99 58 92 23 10
43 56 26 86 56 74 81 20 30 74 6 20 47 6 47 15 99 88 40 15 99 46 15 99 19 10
43 56 26 86 56 6 47 15 99 20 86 88 40 15 99 73 15 86 99 20 86 15 99 73 10
43 56 26 86 56 6 47 15 99 88 40 15 99 73 1 15 99 29 73 10
43 56 26 86 56 6 47 15 99 88 40 15 99 10
43 23 92 36 43 56 26 86 56 6 47 15 99 88 40 15 99 86 60 15 99 23 92 36 15 99 15 99 23 73 10
43 56 26 86 6 47 15 99 88 40 15 99 73 10
43 56 26 86 6 47 15 99 20 86 88 40 15 99 15 86 99 20 86 73 15 99 41 15 99 73 10
43 56 26 86 6 47 15 99 88 40 15 99 73 73 73 73 73 83 83 15 99 10
43 56 26 86 56 6 47 15 99 20 86 88 40 15 99 73 15 86 99 20 86 15 99 73 73 10
43 73 56 26 86 6 47 15 99 88 40 15 99 73 73 46 15 99 10
43 56 26 86 56 6 47 15 99 88 40 15 99 73 10
43 56 26 86 74 81 20 30 74 6 20 47 6 47 15 99 20 86 88 40 15 99 15 86 99 20 86 15 99 73 73 10
43 56 26 86 56 6 47 15 99 20 86 88 40 15 99 15 86 99 20 86 15 99 72 15 99 73 39 38 15 99 15 99 23 15 99 92 92 92 23 58 33 15 99 15 99 23 15 99 92 24 73 10
43 56 26 86 6 47 15 99 88 40 15 99 64 15 99 73 97 10
43 56 26 16 56 24 73 73 73 73 74 21 20 83 74 90 10
43 56 26 86 56 88 40 6 47 15 99 20 86 15 99 73 71 15 86 99 20 86 15 99 73 73 73 10
43 56 26 86 56 6 47 15 99 20 86 88 40 15 99 31 15 86 99 20 86 73 15 99 97 15 99 99 73 95 73 73 80 15 99 15 99 23 15 99 15 92 23 36 73 73 73 73 73 73 73 10
43 56 26 86 6 47 15 99 88 40 15 99 64 73 98 15 99 15 23 99 92 15 92 99 13 24 73 73 73 10
43 56 26 86 56 6 47 15 99 88 40 15 99 73 73 73 73 73 73 10
43 56 26 86 56 73 6 47 15 99 88 40 15 99 78 73 73 73 73 10
43 56 26 86 56 6 47 15 99 88 40 15 99 95 73 73 73 73 73 73 73 73 73 73 73 73 73 10
43 56 26 86 56 6 47 73 15 99 88 40 15 99 68 73 73 73 73 10
43 56 26 86 6 47 15 99 88 40 15 99 13 73 73 73 73 10
43 56 26 86 56 6 47 15 99 20 86 88 40 15 99 63 73 15 86 99 20 86 73 15 99 73 73 73 13 10
43 56 26 86 6 47 15 99 88 40 15 99 30 73 73 73 73 10
43 56 26 86 74 81 20 30 74 6 20 47 6 47 15 99 20 86 88 40 15 99 67 15 86 99 20 86 15 99 44 15 99 1 73 84 73 92 15 99 23 92 24 15 99 15 99 73 24 23 73 52 15 99 52 73 73 35 73 73 73 73 10
43 56 26 86 56 6 47 15 99 88 40 15 99 73 32 73 73 73 73 10
43 56 26 86 6 47 15 99 20 86 88 40 15 99 24 15 86 99 20 86 15 99 73 73 10
43 56 26 86 56 6 47 73 15 99 88 40 15 99 61 73 73 73 73 73 73 10
43 56 26 86 6 47 15 99 20 86 88 40 15 99 73 41 15 86 99 20 86 15 99 73 73 73 73 10
43 73 56 26 86 56 6 47 15 99 88 40 15 99 47 73 73 73 73 73 73 10
43 56 26 86 56 6 47 15 99 88 40 15 99 96 15 99 73 73 85 85 73 85 88 16 14 14 73 10
43 56 26 86 56 6 47 15 99 20 86 88 40 15 99 85 73 15 86 99 20 86 15 99 73 73 73 73 73 73 10
43 56 26 86 56 6 47 15 99 88 40 15 99 6 73 73 73 73 73 20 86 15 86 99 20 86 15 99 73 73 6 10
43 56 26 86 56 6 47 15 99 88 40 15 99 30 73 73 99 15 99 82 73 73 70 91 15 99 15 99 23 15 99 71 92 24 73 73 73 73 73 73 10
43 56 26 86 56 6 47 15 99 88 40 15 99 66 73 73 73 15 99 26 61 73 18 75 23 6 65 65 73 19 10
43 73 56 26 86 74 81 20 30 74 6 20 47 6 47 15 99 88 40 15 99 19 73 15 99 73 10
43 56 26 86 6 47 15 99 88 40 15 99 48 73 73 73 10
43 56 26 86 56 6 47 73 15 99 88 40 15 99 31 73 73 73 73 73 73 15 99 73 73 10
43 56 26 86 56 73 6 47 15 99 20 86 88 40 15 99 35 15 86 99 20 86 15 99 73 73 73 10
43 56 26 86 6 47 15 99 20 86 73 88 40 15 99 96 15 86 99 20 86 15 99 73 73 73 73 73 10
43 56 26 86 6 47 15 99 88 40 15 99 50 73 73 73 73 10
43 73 56 26 86 6 47 15 99 88 40 15 99 6 73 24 15 99 73 73 95 73 73 80 15 99 15 23 99 15 99 78 92 36 73 20 86 73 15 86 99 20 86 15 99 73 73 73 73 73 10
43 73 56 26 86 56 6 47 15 99 20 86 88 40 15 99 15 15 86 99 20 86 73 15 99 73 10 15 99 10 64 65 15 99 15 99 23 15 99 35 92 23 36 73 73 73 10
43 56 26 86 56 6 47 15 99 88 40 15 99 19 73 73 73 73 73 73 73 29 73 73 73 73 10
43 23 92 43 36 56 26 86 56 6 47 73 15 99 88 40 15 99 58 73 73 73 73 73 73 73 82 10
43 56 26 86 56 6 47 15 99 88 40 15 99 74 73 73 73 10
43 56 26 86 56 74 81 73 20 30 74 6 20 47 6 47 15 99 88 40 15 99 61 73 92 15 99 15 23 99 92 15 99 36 53 73 73 73 73 73 73 10
43 56 26 86 6 47 15 99 20 86 88 40 15 99 13 15 86 99 20 86 15 99 47 15 99 6 73 73 78 73 73 10
43 56 26 86 6 47 15 99 20 86 88 40 15 99 1 15 86 99 20 86 15 99 73 73 29 15 99 37 73 48 73 73 10
43 56 26 86 6 47 15 99 20 86 88 40 15 99 73 53 15 86 99 20 86 73 15 99 73 32 15 99 75 73 32 73 77 15 99 23 15 99 15 99 81 92 24 15 99 73 6 73 73 73 10
43 56 26 86 6 47 15 99 20 86 88 40 15 99 21 73 15 86 99 20 86 15 99 73 78 15 99 24 13 73 73 10
43 56 26 86 6 47 15 99 88 40 15 99 72 13 73 15 99 14 73 15 57 15 99 23 92 24 15 99 15 99 44 23 73 73 73 73 69 73 73 10
43 56 26 86 6 47 15 99 88 40 15 99 38 73 73 73 73 73 73 10
43 56 26 86 6 47 15 99 88 40 15 99 4 73 73 73 73 73 39 39 10
43 56 26 86 6 47 15 99 88 40 15 99 81 73 4 15 99 15 23 99 92 15 92 99 79 92 23 24 73 73 73 73 73 73 10
43 56 26 86 56 6 47 15 99 88 40 15 99 64 73 15 99 13 73 73 73 10
43 56 26 86 6 47 15 99 88 40 15 99 8 73 20 86 15 86 99 20 86 73 15 99 73 73 73 42 73 10
43 56 26 86 74 81 73 20 30 74 6 20 47 6 47 15 99 88 40 15 99 24 73 73 73 73 73 73 24 73 73 10
43 56 26 86 6 47 15 99 20 86 88 40 15 99 5 73 15 86 99 20 86 15 99 59 15 99 31 73 83 30 15 99 23 15 99 15 99 58 92 23 24 73 73 73 73 10
43 56 26 86 56 6 47 15 99 20 86 88 40 15 99 73 57 15 86 99 20 86 73 15 99 5 15 99 20 32 73 46 73 15 99 23 92 24 15 99 15 99 49 73 73 73 10
43 56 26 86 6 47 15 99 20 86 88 40 15 99 59 15 86 99 20 86 15 99 73 73 73 73 73 10
43 56 26 86 6 47 15 99 20 86 88 40 15 99 58 15 86 99 20 86 73 15 99 73 73 73 73 73 10
43 56 26 86 56 6 47 15 99 20 86 88 40 15 99 9 15 86 99 20 86 73 15 99 73 57 15 99 21 73 99 45 15 99 15 99 23 92 15 99 96 92 23 24 73 73 73 73 10
43 56 26 86 73 6 47 15 99 88 40 15 99 44 73 15 99 9 15 99 9 73 95 73 45 45 15 99 23 15 99 15 99 26 92 92 23 36 73 73 73 73 10
43 56 26 86 56 6 47 15 99 88 40 15 99 41 73 73 73 73 73 73 10
43 56 26 86 56 6 47 15 99 73 88 40 15 99 39 73 73 73 73 73 73 73 20 86 73 15 86 99 20 86 73 15 99 73 94 73 73 73 73 10
43 56 26 86 6 47 15 99 88 40 15 99 73 46 73 15 99 19 15 99 61 73 6 73 85 85 15 99 15 99 23 15 99 29 92 23 36 73 73 73 73 52 15 99 23 15 99 15 99 96 92 23 36 73 73 73 73 73 73 73 73 73 44 73 73 10
43 73 56 26 86 56 6 47 15 99 88 40 15 99 95 73 20 86 73 15 86 99 20 86 15 99 73 73 73 73 41 73 73 73 73 73 73 73 52 73 10
43 56 26 86 74 81 73 20 30 74 6 20 47 6 47 15 99 20 86 88 40 15 99 55 73 11 11 15 99 11 15 99 11 15 86 99 20 86 91 91 15 99 66 15 99 15 99 23 15 99 3 92 92 23 36 73 73 73 73 10
43 57 56 26 16 56 92 73 74 21 20 83 74 90 10
43 56 26 86 56 88 40 6 47 15 99 15 99 59 59 73 10
43 92 73 73 23 92 92 23 53 92 92 92 43 73 23 92 92 59 92 92 23 73 23 92 43 56 26 16 56 74 21 10
43 56 26 86 6 47 15 99 83 61 88 40 15 99 73 73 15 99 15 99 93 15 99 15 99 23 15 92 99 92 92 30 42 42 73 10
43 59 56 26 16 74 19 20 88 92 23 74 21 20 83 74 90 10
43 59 56 26 16 56 92 73 74 21 20 83 74 90 10
43 56 26 86 88 40 6 47 15 99 15 99 73 32 8 73 15 99 73 10
43 56 26 86 73 6 47 15 99 88 40 15 99 16 15 99 73 73 73 73 73 73 10
43 56 26 86 6 47 15 99 88 40 15 99 15 99 31 31 15 99 73 73 73 73 73 73 73 73 73 73 73 73 10
43 56 26 86 6 47 15 99 88 40 15 99 15 99 78 78 15 99 15 99 73 73 73 15 99 73 73 73 15 99 15 99 10
43 56 26 86 6 47 15 99 88 40 15 99 15 99 10 10 73 15 99 73 73 73 73 73 73 73 73 73 73 10
43 56 26 86 6 47 15 99 88 40 15 99 15 99 31 31 73 73 73 15 99 73 73 73 15 99 73 15 99 73 73 73 73 73 73 10
43 56 26 86 56 6 47 15 99 88 40 15 99 15 99 62 62 73 73 73 73 15 99 73 73 55 55 73 73 73 35 35 15 99 10
43 56 26 86 6 47 15 99 88 40 15 99 73 15 99 15 99 22 22 73 15 99 5 15 99 15 99 23 92 15 99 92 36 92 23 92 73 15 99 15 99 73 73 78 20 15 99 15 99 73 25 73 73 73 63 73 73 73 75 73 96 10
43 56 26 86 6 47 15 99 88 40 15 99 84 56 15 99 73 64 15 99 23 92 93 92 15 99 15 99 53 53 23 15 99 73 73 73 73 10
43 56 26 86 6 47 15 99 88 40 15 99 56 56 15 99 73 73 15 99 15 99 77 73 13 13 73 15 99 1 73 6 15 99 15 23 92 36 92 99 15 99 50 73 83 83 15 99 73 73 15 99 28 71 71 73 41 73 73 73 73 61 73 73 73 3 73 10
43 56 26 86 74 81 73 20 30 74 6 20 47 6 47 15 99 88 40 15 99 15 99 65 65 73 73 73 15 99 73 15 99 73 15 99 10
43 56 26 86 6 47 15 99 88 40 15 99 83 83 15 99 73 15 99 73 73 73 10
43 19 56 26 16 92 23 73 74 21 20 83 10
43 56 26 86 6 47 15 99 88 40 15 99 15 99 86 15 99 73 73 10
43 56 26 86 6 47 15 99 88 40 15 99 15 99 86 15 99 73 10
43 56 26 46 74 81 20 30 74 6 20 47 74 86 20 86 88 40 6 47 15 95 99 15 99 20 99 74 90 15 99 15 99 31 21 15 99 73 96 15 99 23 15 99 15 99 19 92 92 15 99 90 15 99 15 99 44 73 73 73 73 73 73 73 15 99 15 99 73 20 15 99 23 15 99 15 99 19 64 92 92 15 99 55 15 99 23 15 99 5 15 99 23 15 99 15 99 92 17 19 92 23 15 99 92 96 15 99 73 15 99 80 15 99 19 13 73 75 15 99 23 19 92 92 15 99 15 99 23 15 99 44 15 99 53 21 15 99 23 92 19 92 15 99 15 99 15 99 23 73 84 20 10
43 56 26 86 6 47 15 99 88 40 15 99 15 99 92 73 73 10
43 56 26 86 6 47 15 99 88 40 15 99 7 15 99 35 15 99 61 72 84 15 99 52 45 65 95 10
43 56 26 86 6 47 15 99 88 40 15 99 15 99 73 15 99 73 53 15 99 73 20 15 99 23 15 99 92 15 92 99 39 19 92 15 99 7 15 99 73 15 99 29 73 10
43 56 26 86 6 47 15 99 88 40 15 99 73 15 99 63 15 99 15 99 26 24 47 15 99 73 83 76 73 10
43 56 26 86 6 47 15 99 88 40 15 99 71 15 99 44 73 73 13 73 3 44 73 10
43 56 26 86 6 47 15 99 88 40 15 99 15 99 15 99 42 73 73 73 73 10
43 56 26 86 6 47 15 99 88 40 15 99 15 99 15 99 73 15 99 92 35 73 10
43 56 26 86 6 47 15 99 88 40 15 99 49 15 99 73 15 99 68 19 73 73 10
43 56 26 86 6 47 15 99 88 40 15 99 41 15 99 26 15 99 73 69 73 60 73 2 15 99 90 73 73 36 10
43 56 26 86 6 47 15 99 88 40 15 99 15 99 82 15 99 62 46 10
43 56 26 86 74 81 20 30 74 6 20 47 6 47 15 99 88 40 15 99 15 99 15 99 73 69 54 73 10
43 56 26 86 6 47 15 99 88 40 15 99 68 73 15 99 86 86 15 99 73 73 50 73 73 10
43 36 56 26 16 92 23 74 21 20 83 10
43 56 26 86 6 47 15 99 88 40 15 99 15 99 98 14 14 73 73 82 35 15 99 15 99 23 15 99 15 99 6 92 59 92 15 99 14 92 92 73 73 6 46 82 5 73 51 73 14 73 15 99 6 15 99 79 42 15 99 72 57 84 84 73 73 15 99 14 9 68 73 15 99 15 99 75 73 19 80 73 41 15 99 79 66 15 99 41 15 99 73 15 99 24 24 8 10
43 56 26 86 6 47 15 99 88 40 15 99 15 99 75 75 15 99 15 99 15 99 15 99 47 34 34 21 73 15 99 15 99 81 15 99 41 73 58 24 73 73 57 15 99 79 73 10
43 56 26 86 6 47 15 99 88 40 15 99 15 99 50 50 15 99 15 99 73 73 73 73 73 10
43 56 26 86 6 47 15 99 88 40 15 99 15 99 16 16 15 99 15 99 73 73 73 15 99 15 99 73 15 99 15 99 26 73 9 9 21 10
43 56 26 86 56 6 47 15 99 88 40 15 99 73 15 99 22 22 15 99 15 99 74 82 93 73 90 73 11 49 15 99 15 99 23 15 99 72 92 59 92 15 99 54 54 15 99 15 99 15 99 15 99 73 12 73 30 73 15 99 73 99 15 99 73 43 48 73 15 99 15 99 26 15 99 73 10
43 56 26 86 56 6 47 15 99 88 40 15 99 24 15 99 9 9 15 99 15 99 15 99 73 15 99 60 42 15 99 13 12 12 73 15 99 62 73 13 15 99 73 53 6 15 99 23 15 99 15 99 92 59 92 15 99 84 84 73 73 10
43 56 26 86 6 47 15 99 88 73 47 15 99 62 43 23 15 99 23 36 92 15 99 73 15 99 80 23 73 17 15 99 52 73 18 73 73 73 73 15 99 73 73 73 31 15 99 15 99 23 92 36 15 99 30 73 73 18 15 99 15 99 73 73 73 73 73 73 16 15 99 87 73 32 96 15 99 23 36 92 15 99 15 23 99 20 73 73 73 80 15 99 77 64 15 99 23 15 99 36 15 99 13 92 92 23 73 17 15 99 73 92 38 15 99 23 36 92 73 15 99 15 99 45 73 29 15 99 4 78 73 15 99 15 99 23 36 92 15 99 30 73 83 15 99 92 73 73 73 68 15 99 23 15 99 15 99 37 92 36 73 73 21 15 99 15 99 73 73 66 15 99 54 73 68 67 15 99 23 36 92 15 99 15 99 75 73 1 15 99 73 1 73 13 73 6 15 99 23 92 36 15 99 15 99 42 73 73 51 15 99 73 15 99 73 73 73 73 73 73 73 73 73 49 73 73 73 73 73 73 15 99 21 73 66 73 15 99 54 62 86 15 99 23 36 92 15 99 15 99 60 73 73 73 73 73 39 15 99 73 38 73 15 99 73 2 60 15 99 23 92 36 15 99 15 99 60 73 73 73 73 15 73 73 73 95 15 99 15 23 99 15 99 33 92 36 73 73 73 73 73 73 73 73 73 73 73 73 73 15 99 16 15 99 87 20 73 73 92 15 99 23 15 99 15 99 60 92 36 73 73 96 15 99 60 73 73 16 73 73 73 73 79 15 99 23 92 36 15 99 15 99 84 73 73 61 73 15 99 92 63 73 84 15 99 73 73 73 73 73 73 73 73 73 73 45 15 99 5 73 47 73 95 15 99 23 92 36 15 99 15 99 22 73 73 65 15 99 15 73 77 73 73 73 73 73 91 15 99 15 23 92 36 99 15 99 91 73 73 73 73 73 73 73 73 73 73 57 73 73 73 73 73 73 73 73 26 73 73 15 99 15 99 23 15 99 67 92 36 73 84 15 99 24 73 63 73 37 73 15 99 15 99 23 92 36 15 99 49 73 86 59 15 99 15 23 99 92 15 99 57 92 23 36 73 73 73 73 73 73 73 73 73 73 73 73 15 99 5 73 73 73 73 73 73 73 73 73 73 73 15 99 64 73 73 73 73 73 73 73 73 73 73 27 15 99 63 73 73 73 73 73 73 73 73 73 73 73 53 73 91 73 73 73 73 73 73 73 73 73 73 41 73 84 15 99 73 73 73 73 73 73 73 46 73 73 73 73 73 73 73 73 73 73 73 73 42 73 73 73 73 73 73 73 56 29 15 99 15 23 99 15 99 42 92 92 23 36 73 73 73 73 73 15 99 73 73 73 73 100 73 73 73 73 73 73 73 73 73 73 73 73 73 73 73 41 73 73 73 73 73 73 73 73 73 73 59 73 15 99 73 73 73 73 73 73 73 73 73 73 73 73 73 40 73 73 73 73 73 73 73 73 73 15 73 73 73 73 73 73 73 73 73 73 73 73 73 78 73 73 73 73 73 73 73 73 73 73 73 84 73 73 73 73 73 28 15 99 15 99 23 15 99 78 92 92 23 36 73 71 15 99 84 73 16 77 15 99 23 15 99 15 99 41 92 92 92 23 36 73 73 5 73 73 73 73 15 99 73 73 73 73 15 99 60 73 73 73 73 73 73 73 73 73 73 73 73 73 73 84 73 73 73 73 73 73 73 73 15 99 24 73 73 73 73 73 73 73 73 73 73 73 18 73 73 73 26 15 99 15 23 99 36 15 99 64 92 23 73 73 73 92 15 99 15 99 73 73 73 73 73 73 73 73 73 67 73 73 73 73 73 73 73 73 73 31 73 73 73 73 73 73 73 73 73 73 73 73 73 92 73 73 73 73 73 73 73 73 73 73 73 73 72 73 73 73 73 73 73 73 73 73 73 73 73 73 73 73 10 24 15 99 23 15 99 15 99 24 36 24 15 99 68 92 13 23 73 73 63 73 73 73 73 73 15 99 73 73 73 73 73 73 32 73 73 73 73 73 73 73 15 99 73 73 73 73 73 73 32 73 73 73 73 73 73 73 73 73 73 73 73 73 73 41 73 73 73 73 73 73 73 73 73 73 73 73 81 73 73 73 73 73 73 73 73 73 73 73 73 73 8 73 73 73 73 73 73 73 28 15 99 15 99 23 15 99 14 92 23 58 47 15 99 73 6 48 73 73 1 73 15 99 15 23 99 15 99 81 92 23 36 73 77 15 99 77 73 24 73 73 66 15 99 66 73 73 37 37 73 73 27 73 15 99 15 99 23 15 99 68 92 36 73 15 99 73 42 15 99 29 73 73 35 73 73 73 73 6 15 99 15 23 92 36 99 15 99 6 73 73 25 15 99 25 73 73 73 29 73 73 73 73 73 73 73 73 73 73 73 7 15 99 73 73 73 73 73 73 73 73 73 46 15 99 23 92 58 15 99 15 99 38 15 99 13 23 15 99 13 24 73 73 73 73 73 73 15 99 22 17 73 73 73 73 73 73 73 73 73 73 73 13 73 73 73 76 15 99 15 99 23 15 99 53 92 92 36 73 73 73 73 73 73 73 73 73 73 15 99 73 73 73 73 73 73 73 73 73 73 73 73 19 73 73 73 73 73 73 73 73 73 73 73 73 82 73 73 73 73 73 73 73 73 73 73 73 73 73 73 73 8 73 73 73 73 56 15 99 15 99 23 15 99 25 92 36 73 73 73 73 73 73 73 73 73 73 73 73 48 73 73 73 73 73 15 99 73 73 73 73 73 73 73 71 73 73 73 73 73 89 15 99 23 15 99 15 99 92 92 36 73 73 73 73 73 73 73 73 73 73 73 73 73 73 15 99 73 62 73 73 73 73 73 73 73 73 73 73 42 73 73 73 73 73 73 73 73 73 73 73 63 63 73 15 99 63 63 63 73 62 15 99 15 23 99 15 99 92 47 23 36 73 73 74 15 99 74 73 73 32 73 45 15 99 23 15 99 92 15 99 2 92 23 36 73 73 73 73 73 15 99 73 73 73 73 15 99 73 20 20 15 99 95 15 99 73 67 73 97 97 73 40 15 99 15 23 92 36 99 15 99 28 15 99 23 73 83 15 99 83 73 78 81 15 99 23 92 36 15 99 15 99 81 23 73 73 73 73 73 73 73 73 73 9 73 73 73 73 73 73 73 73 73 73 73 73 1 73 73 73 73 73 73 73 15 99 89 73 73 73 73 73 73 73 73 73 73 73 55 73 55 15 99 15 99 23 15 99 92 80 36 73 73 73 73 73 73 43 15 99 23 92 36 15 99 15 99 90 73 73 73 73 73 73 73 73 73 73 73 73 73 73 73 9 73 73 73 73 73 73 73 73 18 50 50 15 99 23 92 36 15 99 15 99 73 87 23 73 36 36 15 99 38 15 99 73 52 73 73 73 82 15 99 23 15 99 96 15 99 56 92 73 15 99 5 15 99 20 73 73 73 76 73 24 15 99 23 15 99 15 99 92 9 36 73 73 73 73 73 73 73 73 73 73 73 15 99 73 90 73 66 66 15 99 90 65 65 82 15 99 23 96 92 15 99 15 99 60 73 73 84 15 99 13 73 73 63 73 73 73 73 73 73 73 73 55 73 73 73 73 73 73 73 73 73 73 73 73 73 73 73 81 73 73 73 73 73 73 73 73 60 15 99 23 92 36 15 99 15 99 73 67 73 73 73 73 73 73 73 73 73 73 73 73 73 73 23 73 73 73 73 15 99 73 73 73 73 73 73 73 73 73 73 46 73 73 73 73 73 73 73 73 73 15 99 73 73 94 73 73 73 73 73 73 73 73 73 73 73 73 42 73 73 73 73 73 73 96 96 15 99 79 73 73 38 36 36 15 99 23 96 92 15 99 15 99 4 15 99 73 73 80 15 99 56 73 73 44 73 73 73 73 79 15 99 15 23 99 96 15 99 77 92 73 73 19 15 99 70 73 73 73 73 73 73 73 73 73 16 15 99 73 73 73 20 73 73 73 73 73 73 73 73 73 73 73 73 73 86 73 73 73 73 73 73 73 73 15 99 13 73 73 73 73 92 23 96 73 8 15 99 4 73 73 73 73 73 73 73 83 73 73 73 73 73 20 73 73 73 73 73 73 73 73 73 73 73 73 73 73 85 73 73 73 73 73 83 15 99 73 73 73 73 73 73 73 73 59 73 73 73 73 73 73 73 73 73 73 73 73 73 83 73 73 73 73 92 23 96 73 73 73 73 73 73 20 73 73 73 73 73 73 10
43 56 26 86 88 40 6 47 15 99 15 99 73 49 33 33 15 99 23 96 92 15 99 73 15 99 90 73 42 15 99 23 92 41 15 99 73 15 99 73 73 73 15 99 73 80 80 73 73 73 59 15 99 23 15 99 92 15 99 25 92 23 41 25 25 73 15 99 38 81 81 73 73 73 52 15 99 23 92 41 68 15 68 99 15 99 80 80 73 15 99 80 80 73 73 73 70 73 15 99 23 92 41 15 99 15 99 28 73 44 15 99 36 36 73 73 73 60 15 99 23 15 99 15 99 60 92 13 92 23 41 15 99 67 73 13 73 73 73 73 73 82 15 99 23 92 41 15 99 15 99 32 73 63 15 99 81 16 73 73 73 73 73 73 73 73 73 73 73 19 73 73 1 15 99 23 92 41 15 99 23 15 99 8 73 33 15 99 83 83 73 73 73 73 73 68 15 99 23 92 41 15 99 15 99 93 73 73 86 15 99 86 66 73 73 73 73 73 46 15 99 23 92 41 15 99 15 99 55 67 15 99 67 73 83 73 73 73 73 73 73 73 73 73 73 17 73 64 15 99 63 64 73 64 73 73 73 59 15 99 23 92 41 73 84 84 15 99 15 23 99 73 5 5 15 99 71 71 73 73 73 57 15 99 23 92 41 15 99 15 99 39 23 73 73 15 99 80 81 73 73 73 15 99 84 84 73 73 73 73 82 15 99 23 92 41 15 99 23 15 99 99 73 20 15 99 18 49 73 73 73 73 60 15 99 23 92 41 15 99 15 99 41 73 26 15 99 26 73 41 73 73 73 73 73 73 6 73 9 15 99 15 99 23 15 99 92 15 99 48 81 73 75 75 15 99 52 73 63 15 99 23 92 41 15 99 15 99 73 66 66 15 99 81 81 73 73 73 73 30 30 15 99 23 92 41 15 99 15 99 41 73 60 15 99 63 53 73 12 15 99 35 77 77 73 73 92 92 15 99 23 92 41 15 99 15 99 50 23 73 64 64 15 99 64 64 64 73 73 87 15 99 15 23 92 41 99 73 15 99 36 36 15 99 73 23 23 73 73 73 28 15 99 23 92 48 15 99 15 99 15 99 14 99 73 15 99 94 73 49 15 99 73 73 73 73 73 73 33 73 42 15 99 23 15 99 48 15 99 92 61 61 15 99 23 73 38 38 37 73 5 73 73 73 73 73 73 73 32 73 73 73 73 10
43 56 26 86 88 40 6 47 15 99 15 99 15 99 74 46 83 20 100 20 100 74 46 74 46 20 100 96 96 73 20 100 15 99 74 46 82 74 46 20 100 20 100 74 46 73 73 73 73 73 73 92 73 73 73 73 73 73 15 99 77 8 8 73 8 73 10
43 56 26 86 88 40 6 47 15 99 73 15 99 15 99 80 81 81 15 99 82 73 73 73 73 73 73 10 73 73 73 73 73 73 53 73 29 15 99 23 48 92 15 99 15 99 15 99 73 60 32 32 15 99 73 76 73 73 73 73 73 48 74 46 20 100 20 100 74 46 74 46 20 100 20 100 74 46 73 73 73 73 83 73 73 73 73 73 73 73 81 73 73 10
43 56 26 86 56 88 40 6 47 15 99 15 99 15 99 73 29 29 15 99 81 73 73 73 73 73 73 73 73 73 73 73 73 73 73 73 73 73 73 73 73 73 73 73 73 73 73 73 73 10
43 56 26 86 56 88 40 6 47 15 99 15 99 84 73 25 15 99 25 96 73 73 73 73 73 73 73 73 73 73 73 73 73 73 65 73 24 15 99 24 98 98 73 73 73 73 41 15 99 23 15 99 15 99 92 23 41 73 92 15 99 31 73 73 73 73 73 73 73 73 73 44 15 99 73 73 73 73 73 73 73 73 42 15 99 16 73 73 73 73 73 73 73 73 20 100 74 46 73 92 74 46 20 100 15 99 84 73 74 73 74 46 20 100 73 20 100 74 46 73 74 46 20 100 20 100 74 46 73 74 46 20 100 20 100 77 15 99 23 41 92 74 46 15 99 15 99 32 78 73 15 99 78 91 73 73 73 73 73 73 73 73 73 73 73 73 73 73 75 73 73 73 73 73 20 100 74 46 73 74 46 20 100 73 73 73 73 73 73 74 46 20 100 20 100 73 74 46 75 73 73 73 73 73 73 73 73 73 73 73 43 15 99 43 63 73 73 73 73 64 15 99 23 92 41 15 99 15 99 77 42 42 73 15 99 32 37 37 73 73 73 20 100 73 14 74 46 15 99 15 23 99 92 15 99 39 41 73 76 74 46 20 100 15 99 76 62 73 73 74 46 20 100 20 100 74 46 73 15 99 16 24 74 46 20 100 20 100 73 74 46 74 46 20 100 20 100 74 46 74 46 20 100 20 100 74 46 73 73 73 73 42 15 99 23 41 92 15 99 15 99 13 23 39 15 99 47 47 73 73 73 73 73 73 73 73 73 73 73 73 73 73 66 73 73 73 73 73 73 73 73 73 64 15 99 90 17 73 10
43 56 26 86 88 40 6 47 15 99 15 99 73 73 73 73 73 73 73 73 73 10
43 56 26 86 56 88 40 6 47 15 99 15 99 73 73 73 28 15 99 23 15 99 96 15 99 65 92 14 73 14 73 15 99 73 73 73 11 15 99 15 99 73 73 73 15 99 73 72 15 99 73 73 73 73 88 73 73 73 3 15 99 15 99 23 15 99 92 3 92 23 58 73 3 73 95 95 15 99 73 73 15 99 73 73 73 15 99 73 73 73 15 99 73 83 73 73 73 73 73 73 73 73 73 28 15 99 23 15 99 15 99 60 92 96 81 42 42 15 99 15 99 73 73 73 73 73 15 99 73 73 73 15 99 73 73 73 15 99 73 5 73 73 73 73 73 73 73 73 92 73 15 99 23 15 99 15 99 83 92 23 96 73 73 82 15 99 53 73 73 53 29 15 99 15 23 99 15 99 92 24 82 15 36 99 51 73 39 73 73 73 73 73 73 73 10
43 56 26 86 56 88 40 6 47 15 99 15 99 62 73 73 73 73 16 15 99 15 99 73 73 73 73 73 10
43 19 56 26 16 74 30 10
43 92 23 96 56 26 46 56 74 19 20 88 73 74 81 73 20 30 74 6 20 47 74 86 20 86 73 88 40 73 6 47 15 95 99 15 99 20 99 74 90 20 86 15 86 99 20 86 20 86 15 99 15 86 99 20 86 15 99 73 73 29 15 99 73 73 16 100 15 99 15 23 99 15 99 92 23 58 36 15 99 96 47 15 99 15 99 23 15 99 92 92 96 73 73 41 15 99 8 15 99 23 15 99 15 99 92 58 73 73 82 15 99 11 8 15 99 15 99 23 92 96 15 99 13 15 99 73 73 85 15 99 23 92 58 15 99 15 99 73 73 73 15 99 61 73 73 49 15 99 15 99 23 92 96 15 99 23 73 73 73 73 44 15 99 73 82 73 93 15 99 15 99 23 92 58 15 99 73 73 12 2 7 63 74 23 58 92 78 76 39 15 99 83 61 23 15 99 73 67 73 15 99 37 44 15 99 15 99 23 15 99 92 92 92 23 96 73 73 73 1 15 99 73 56 73 73 73 73 73 73 73 73 73 73 83 15 99 15 99 23 58 92 15 99 73 73 73 73 73 73 73 73 73 66 15 99 15 99 36 45 15 99 15 99 23 15 99 92 58 20 15 99 15 99 23 58 92 15 99 73 73 73 73 78 15 99 15 23 92 58 99 15 99 73 73 73 73 73 73 73 73 73 73 73 73 73 73 73 10
43 56 26 86 56 6 47 15 99 88 40 15 99 73 84 15 99 29 20 86 91 15 99 23 15 99 15 99 92 15 86 99 20 86 92 23 96 15 99 24 15 99 82 73 90 15 99 15 99 23 15 99 92 92 96 73 73 39 15 99 73 73 9 12 15 99 23 15 99 15 99 92 23 58 73 73 73 73 73 73 73 73 73 73 73 73 60 15 99 71 55 15 99 15 99 23 92 96 15 99 23 53 15 99 80 15 99 15 99 23 92 58 15 99 23 73 73 73 73 73 73 73 71 15 99 71 89 15 99 15 99 23 92 96 15 99 44 15 99 7 73 73 61 15 99 15 99 23 15 99 96 92 23 97 15 99 75 73 73 73 73 73 73 73 73 64 15 99 15 99 23 15 99 92 92 92 23 58 73 73 15 99 73 73 73 1 15 99 5 73 70 15 99 15 99 23 96 92 15 99 73 1 15 99 73 73 1 52 41 15 99 8 79 22 68 23 92 23 78 96 96 76 39 76 15 99 83 61 15 99 18 15 99 73 73 96 10
43 56 26 86 73 56 6 47 15 99 88 40 15 99 73 73 64 15 99 73 46 73 73 73 73 73 73 73 73 73 73 10
43 56 26 86 6 47 15 99 88 40 15 99 73 97 15 99 73 29 73 73 73 73 73 73 73 73 73 73 15 15 99 15 99 23 15 99 92 23 96 62 15 99 59 73 85 15 99 23 15 99 15 99 92 23 58 73 73 73 73 73 73 73 73 73 73 73 73 73 73 73 73 73 44 15 99 71 73 26 15 99 15 99 23 92 96 15 99 73 73 96 15 99 73 73 29 73 73 81 15 99 15 99 23 15 99 92 96 73 84 15 99 24 15 99 15 99 23 92 96 15 99 23 8 15 99 73 73 29 73 73 73 73 73 100 15 99 15 99 23 92 96 15 99 73 23 73 92 15 99 46 73 73 6 15 99 23 15 99 15 99 92 92 92 23 58 73 73 73 73 73 73 73 20 86 15 86 99 20 86 73 15 99 73 73 73 97 15 99 15 99 23 15 99 92 92 58 73 73 10
43 73 56 26 86 6 47 15 99 88 40 15 99 73 73 44 15 99 73 80 15 99 15 99 23 15 99 92 92 23 96 73 73 73 73 73 73 85 15 99 73 41 73 73 73 73 73 73 42 15 99 15 99 23 92 58 15 99 73 73 73 73 73 73 73 81 12 15 99 15 99 23 15 99 15 99 92 23 58 73 73 73 73 73 73 73 73 73 73 73 73 60 15 99 73 1 96 73 15 99 15 23 99 15 99 92 92 96 73 73 47 38 15 99 15 99 23 15 99 96 92 92 23 73 29 15 99 22 20 86 15 86 99 20 86 73 15 99 73 73 73 73 73 73 87 15 99 23 15 99 15 92 99 58 73 73 73 73 73 73 73 73 73 73 73 73 73 73 73 73 73 73 73 85 15 99 60 39 15 99 15 23 96 92 99 15 99 23 73 53 15 99 73 30 73 45 15 99 73 23 92 58 15 99 15 99 85 15 99 73 85 73 73 79 15 99 15 23 96 92 99 15 99 73 73 73 53 15 99 24 10
43 56 26 86 6 47 15 99 88 40 15 99 73 64 15 99 73 73 27 73 73 73 73 58 15 99 23 92 96 23 92 23 78 96 96 76 39 76 15 99 83 61 15 99 65 15 99 23 92 23 78 96 96 43 73 23 92 96 43 56 26 16 56 74 21 10
43 56 26 86 56 6 47 15 99 83 61 88 40 15 99 78 15 99 47 73 73 10
43 56 26 86 56 6 47 15 99 88 40 15 99 73 6 15 99 73 73 53 73 73 73 10
43 56 26 86 56 6 47 15 99 20 86 88 40 15 99 15 86 99 20 86 15 99 84 15 99 73 11 73 73 73 73 10
43 56 26 86 73 6 47 15 99 88 40 15 99 73 75 15 99 73 73 50 73 36 15 99 23 15 99 15 99 92 23 96 73 1 15 99 73 21 73 73 73 32 15 99 23 15 99 15 99 92 58 73 73 73 73 73 73 73 73 73 73 73 73 73 73 73 73 59 15 99 23 15 99 15 99 92 23 58 73 73 73 73 73 73 73 73 73 73 73 73 73 73 73 73 73 73 73 73 73 73 73 73 73 20 86 15 86 99 20 86 15 99 73 73 73 73 73 73 73 73 73 73 10
43 56 26 86 74 81 20 30 74 6 20 47 6 47 15 99 88 40 15 99 21 15 99 42 73 73 66 15 99 23 15 99 15 99 92 23 58 73 41 15 99 41 58 73 15 99 23 92 96 15 99 15 99 23 73 16 15 99 32 73 73 73 73 73 85 15 99 15 99 23 92 58 15 99 59 15 99 23 85 73 87 15 99 23 92 96 15 99 15 99 23 78 15 99 73 2 84 15 99 15 99 23 92 58 15 99 73 23 15 90 99 15 99 15 99 23 15 99 92 92 58 73 73 73 73 73 73 73 73 73 73 63 15 99 63 73 15 15 99 23 15 99 15 99 92 96 73 73 73 59 15 99 46 15 99 15 23 92 58 99 15 99 23 73 73 73 86 15 99 50 20 15 99 73 15 99 23 15 99 92 92 63 58 15 99 73 66 50 15 99 23 15 99 15 99 92 92 23 96 73 59 15 99 73 73 6 15 99 15 99 23 92 58 15 99 73 23 73 73 73 73 73 73 73 73 73 73 73 73 73 73 73 73 73 73 73 73 73 73 73 20 86 73 15 86 99 20 86 15 99 73 73 73 73 87 15 99 15 99 23 15 99 92 92 23 92 58 73 73 73 73 73 73 73 73 73 73 73 73 73 73 73 61 15 99 15 99 23 15 99 92 23 58 73 73 73 73 73 73 73 73 73 73 73 73 73 73 73 73 10
43 56 26 86 56 6 47 15 99 20 86 88 40 15 99 15 86 99 20 86 4 15 99 15 99 23 15 99 20 86 92 23 92 96 73 73 42 15 99 73 68 15 99 15 99 23 15 99 92 23 58 73 73 73 73 73 73 66 15 99 73 98 10
43 56 26 86 56 6 47 15 99 88 40 15 99 73 1 15 99 73 73 38 76 15 99 15 99 23 92 92 15 99 92 23 96 65 3 15 99 25 15 99 15 99 23 92 96 15 99 23 73 73 73 73 11 68 15 99 15 99 23 92 96 15 99 38 13 15 99 15 99 23 92 96 15 99 73 73 73 73 39 15 99 73 73 73 73 73 87 15 99 15 99 23 92 96 15 99 25 1 15 99 58 15 99 15 99 23 15 99 92 92 38 92 23 58 42 73 73 90 45 15 99 15 99 23 92 58 15 99 15 99 73 73 73 73 10
43 56 26 86 6 47 15 99 88 40 15 99 73 59 73 15 99 15 99 23 92 96 15 99 23 59 13 15 99 73 73 73 88 15 99 15 99 23 92 58 15 99 38 8 73 73 87 54 45 44 23 58 92 78 76 39 76 15 99 23 83 61 15 99 73 15 99 73 11 15 99 67 35 15 99 73 15 99 23 15 99 92 96 65 15 99 73 73 89 15 99 23 58 92 15 99 15 99 73 73 73 10
43 56 26 86 6 47 15 99 88 40 15 99 73 59 73 15 99 15 23 99 15 99 92 23 58 73 73 73 73 73 73 73 73 73 73 73 73 73 73 10
43 56 26 86 56 6 47 15 99 88 40 15 99 73 73 73 21 15 99 73 73 63 20 86 15 86 99 20 86 15 99 73 73 73 73 73 6 15 99 15 99 23 92 58 15 99 23 73 73 73 73 15 99 73 73 15 99 73 73 73 73 73 73 15 99 73 73 73 73 42 15 99 15 99 23 15 99 58 92 92 23 73 73 73 73 73 73 73 73 73 73 73 75 15 99 11 70 15 99 23 15 99 15 99 92 92 96 73 12 15 99 73 16 73 73 73 73 73 73 73 73 36 15 99 15 23 99 92 15 99 96 73 18 15 99 6 73 39 15 99 23 15 99 15 99 92 92 23 58 73 73 73 73 10
43 73 56 26 86 6 47 15 99 88 40 15 99 73 73 73 33 15 99 73 82 73 6 15 99 15 99 23 92 96 15 99 32 15 99 75 15 99 3 15 99 73 15 99 23 15 99 92 23 96 76 18 15 99 15 99 23 92 96 15 99 29 15 99 82 52 15 99 15 23 92 96 99 15 99 73 73 50 15 99 75 73 20 86 73 15 86 99 20 86 23 15 99 15 99 23 15 99 58 15 99 92 73 73 73 73 73 73 73 73 73 73 73 73 73 73 73 73 73 73 73 73 73 73 73 73 73 73 61 15 99 73 23 92 92 92 23 58 23 23 92 96 78 99 43 23 56 26 86 6 47 15 99 83 61 88 40 15 99 73 73 83 15 99 49 67 57 73 57 79 23 92 78 76 39 15 99 83 61 15 99 96 96 73 73 73 53 15 99 73 35 73 73 73 73 73 73 73 73 73 73 73 73 73 73 90 15 99 15 99 23 15 99 92 92 92 23 96 90 15 99 90 15 99 15 99 99 15 99 15 99 23 15 99 92 92 96 15 99 58 73 29 81 15 99 23 92 96 15 99 15 99 23 73 73 73 73 29 15 99 21 73 73 6 15 99 23 92 58 15 99 15 99 23 73 73 73 44 15 99 73 89 50 15 99 23 92 96 15 99 15 99 23 73 7 15 99 73 73 73 1 15 99 23 92 58 15 99 15 99 23 73 73 39 15 99 68 73 73 64 15 99 23 15 99 92 92 73 15 99 96 73 73 78 15 99 73 21 73 73 82 15 99 23 15 99 15 99 92 58 73 73 73 60 15 99 71 73 73 44 15 99 15 99 23 92 96 15 99 1 15 99 73 75 73 73 73 68 15 99 23 92 58 15 99 15 99 20 86 15 86 99 20 86 15 99 73 73 10
43 56 26 86 6 47 15 99 88 40 15 99 73 42 15 99 81 15 99 15 23 99 15 99 92 23 96 73 73 73 22 15 99 73 90 73 73 73 85 15 99 23 15 99 15 99 92 58 73 73 73 73 73 73 73 73 73 73 73 73 10
43 56 26 86 56 6 47 15 99 88 40 15 99 73 73 73 73 46 15 99 14 10
43 56 26 86 6 47 15 99 88 40 15 99 61 15 99 73 41 73 81 15 99 23 15 99 15 99 92 92 58 73 73 73 73 73 23 92 96 78 99 23 43 56 26 86 74 81 20 30 74 6 20 47 6 47 15 99 83 61 88 40 15 99 73 73 73 15 99 23 24 15 99 15 99 23 92 58 10
43 23 92 43 58 56 26 86 6 47 15 99 88 40 15 99 73 73 73 73 73 73 20 86 73 15 86 99 20 86 15 99 73 73 73 73 73 73 73 73 73 73 73 73 73 1 15 99 29 50 15 99 15 99 23 96 15 99 92 92 30 15 99 85 73 73 41 22 68 23 92 78 76 39 15 99 83 61 15 99 92 23 96 73 38 15 99 42 73 73 73 73 73 61 15 99 73 61 73 95 15 99 73 73 73 73 73 73 10
43 56 26 86 56 6 47 15 99 88 40 15 99 73 73 41 15 99 85 77 15 99 15 99 23 15 99 92 92 58 67 15 99 67 73 73 73 73 58 15 99 15 23 92 96 99 23 15 99 13 15 99 42 73 73 63 15 99 15 99 23 92 58 15 99 95 15 99 95 6 15 99 15 99 23 92 96 15 99 94 15 99 73 46 73 73 12 83 15 99 73 73 73 19 15 99 42 73 73 73 85 15 99 23 92 58 15 99 73 15 99 23 68 15 99 73 65 92 57 15 99 15 99 23 15 99 20 16 92 36 74 21 20 83 74 90 73 73 73 20 86 15 86 99 20 86 15 99 73 73 73 52 15 99 15 99 23 15 99 92 92 36 73 73 10
43 56 26 86 56 88 40 6 47 15 99 15 99 73 42 15 99 10 73 93 15 99 23 92 36 15 99 15 99 23 73 49 15 99 23 92 23 36 15 99 15 99 73 22 15 99 73 49 15 99 15 99 23 15 99 92 92 36 73 73 73 29 15 99 1 6 15 99 23 92 36 15 99 15 99 23 73 73 73 73 90 15 99 23 15 99 15 99 92 36 73 73 73 73 73 79 15 99 15 99 23 15 99 20 86 92 36 15 86 99 20 86 15 99 73 73 73 73 73 73 73 73 73 73 73 73 73 73 73 73 19 15 99 15 19 89 23 23 92 78 76 39 15 99 23 73 73 73 73 73 73 18 73 84 26 18 73 44 29 23 23 92 78 43 73 43 56 26 86 6 47 88 40 15 99 73 73 73 73 73 18 15 99 23 15 99 92 15 61 45 23 23 92 78 76 39 15 23 92 43 23 56 26 46 74 81 92 93 92 20 30 74 6 20 86 74 86 20 86 6 47 88 15 86 99 20 86 74 86 38 15 99 73 42 23 92 23 23 23 23 23 23 23 23 23 23 92 23 92 23 92 23 92 23 92 92 93 92 23 23 23 23 23 23 23 23 23 23 23 23 23 92 43 92 90 56 26 86 6 47 15 99 19 15 99 15 99 28 15 99 73 10 20 73 73 73 15 99 28 73 38 73 99 73 98 15 99 99 15 99 99 15 99 41 15 99 15 19 15 99 23 92 92 93 92 15 99 97 15 99 23 15 99 2 2 15 15 15 99 17 17 23 92 93 92 23 92 23 92 23 23 23 23 23 92 93 92 23 92 23 92 23 92 23 23 23 23 23 23 23 92 92 90 23 92 23 92 23 92 93 92 23 92 23 23 23 23 23 23 23 23 92 93 92 23 92 23 92 23 92 93 92 23 92 23 92 92 90 23 92 33 33 20 84 74 21 10
43 56 26 46 88 40 43 56 26 86 56 6 47 15 99 88 40 15 99 75 73 73 73 73 73 73 73 73 73 73 73 73 73 73 91 73 15 99 73 73 73 73 73 73 73 73 73 73 73 41 73 23 73 15 99 15 99 23 15 99 72 92 92 92 23 36 73 84 15 99 13 73 81 73 15 73 15 99 15 23 99 15 99 87 92 92 23 36 73 73 73 73 73 73 73 73 73 73 73 73 73 73 73 44 73 73 32 15 99 40 73 73 73 73 73 73 73 73 73 73 73 73 81 73 73 73 73 73 73 73 73 73 73 73 3 73 73 73 73 47 73 73 73 73 73 73 73 73 73 73 32 73 10
43 56 26 86 6 47 15 99 73 88 40 15 99 9 73 73 73 73 73 73 73 73 73 73 73 73 73 81 73 73 73 73 73 73 15 99 14 73 73 73 73 73 73 32 73 15 99 35 73 73 68 73 73 73 73 73 73 73 73 10
43 56 26 86 6 47 15 99 73 88 40 15 99 36 73 1 15 99 84 73 73 20 73 73 73 15 99 73 73 73 73 73 73 78 73 73 73 23 76 15 23 99 15 99 73 73 76 73 73 73 73 73 73 73 26 15 99 73 70 23 10
43 56 26 86 6 47 15 99 73 88 40 15 99 76 73 73 73 63 15 99 63 73 52 92 73 73 15 99 73 73 73 73 73 73 73 73 20 73 73 73 73 73 73 73 73 73 73 73 73 73 33 73 73 73 73 2 15 99 15 99 23 36 15 99 42 15 99 92 15 99 73 23 73 73 57 15 56 99 23 15 99 23 15 99 15 99 68 92 23 36 73 70 15 99 15 99 73 53 15 99 23 36 92 15 99 15 99 97 69 15 99 15 99 23 92 36 15 23 99 79 73 73 43 73 15 99 15 99 73 73 73 73 73 67 23 23 73 15 99 73 73 73 23 92 23 73 73 100 15 99 73 73 73 73 10
43 56 26 86 6 47 15 99 88 40 15 99 24 73 73 73 73 63 15 99 15 99 73 73 73 23 73 73 88 15 99 73 73 73 73 73 73 73 73 23 17 23 15 99 15 99 23 15 99 15 99 70 36 92 73 23 73 38 15 99 15 99 73 73 73 10
43 56 26 86 6 47 15 99 88 40 15 99 2 73 73 73 73 80 15 99 15 99 73 73 73 73 15 99 86 73 73 73 73 73 73 73 73 73 73 73 73 73 94 73 73 73 73 73 73 73 73 73 73 73 73 15 99 7 23 92 23 73 73 73 73 73 73 73 73 3 15 99 23 15 99 15 99 99 92 36 23 73 73 73 62 73 15 99 15 99 73 73 73 73 73 73 73 73 73 22 73 73 73 73 73 73 73 73 73 73 73 73 10
43 56 26 86 6 47 15 99 88 40 15 99 47 73 73 73 76 15 99 15 99 73 73 73 73 73 73 73 73 73 73 63 73 73 73 73 73 73 73 73 73 73 73 73 73 73 73 42 73 73 73 73 73 73 73 73 73 15 99 73 73 73 73 65 73 15 99 73 73 73 73 73 73 73 73 73 73 24 73 73 73 73 73 73 73 73 73 73 73 73 73 96 15 99 15 99 23 92 15 92 99 10 92 23 36 73 15 99 73 73 73 73 48 15 99 15 99 23 15 99 45 92 23 58 73 73 73 73 73 73 10
43 56 26 86 6 47 15 99 88 40 15 99 67 73 73 73 73 73 73 73 10
43 56 26 86 56 6 47 15 99 88 40 15 99 79 73 73 73 73 23 73 73 73 73 73 73 73 73 10
43 56 26 86 6 47 15 99 88 40 15 99 87 73 73 73 73 73 73 73 73 73 73 73 73 15 99 15 99 73 73 73 31 55 15 99 15 99 23 92 58 15 99 20 73 73 73 73 73 73 73 90 15 99 15 99 23 15 92 99 35 23 36 15 99 56 73 28 15 99 15 99 23 92 58 15 99 85 23 73 73 73 73 73 73 73 10
43 56 26 86 56 73 6 47 15 99 88 40 15 99 62 73 73 73 7 15 99 15 99 23 92 36 15 99 98 73 73 73 73 73 73 73 10
43 56 26 86 56 6 47 15 99 88 40 15 99 68 73 73 73 73 73 73 73 75 15 99 15 99 23 15 99 29 92 92 36 73 73 73 79 15 99 15 99 23 92 36 15 99 24 73 73 73 73 73 73 15 99 15 23 92 36 99 15 99 41 73 73 73 73 73 73 10
43 56 26 86 56 6 47 15 99 73 88 40 15 99 41 73 73 73 73 73 73 15 99 73 73 73 73 73 73 43 15 99 23 15 99 15 99 92 15 23 36 73 73 73 73 73 73 73 73 73 73 73 73 73 10
43 56 26 86 56 6 47 15 99 88 40 73 15 99 73 73 73 73 23 73 73 73 73 10
43 56 26 86 6 47 15 99 88 40 15 99 76 73 73 5 73 15 99 43 73 73 93 73 73 73 56 15 99 73 73 73 73 73 73 73 76 15 99 15 73 59 73 73 73 73 73 73 43 23 20 84 15 99 23 92 23 96 43 56 26 46 73 74 81 73 20 30 74 6 20 47 73 88 40 6 47 15 95 99 15 99 20 99 74 90 23 92 36 43 23 56 26 46 74 81 20 30 74 6 20 47 74 86 20 86 73 88 40 6 47 15 95 99 15 20 99 99 74 90 15 99 5 5 5 15 99 15 99 8 8 15 99 23 15 99 20 16 15 99 74 21 20 83 92 36 15 99 93 93 15 99 5 15 99 73 31 15 99 73 52 15 99 95 15 99 23 92 23 78 36 36 99 43 73 56 26 16 74 21 20 83 10
43 56 26 86 6 47 15 99 83 61 88 40 15 99 40 73 73 73 15 99 73 73 73 73 48 15 99 23 15 99 15 99 46 92 96 73 73 15 99 73 73 73 15 99 73 73 73 73 73 73 73 73 73 8 73 73 73 73 73 73 15 99 73 73 73 15 99 73 73 73 73 73 73 15 99 73 73 73 73 73 73 73 73 73 42 15 99 11 73 73 86 73 15 99 15 99 23 15 99 92 92 92 23 36 33 73 60 73 73 73 73 73 73 73 73 73 73 73 23 73 73 73 73 73 73 73 15 99 73 49 73 15 99 23 15 99 15 99 42 92 36 63 73 73 73 73 73 73 73 73 73 73 73 23 92 36 43 56 26 86 6 47 15 99 73 88 40 15 99 73 9 15 99 73 73 22 73 73 73 15 15 99 15 99 23 92 36 3 31 95 95 23 92 36 43 56 26 86 6 47 15 99 83 61 88 40 15 99 73 63 73 73 73 73 73 73 73 73 73 73 73 73 73 73 56 73 73 73 73 73 73 73 73 73 73 71 73 73 73 73 73 73 15 99 60 73 73 73 73 73 73 73 73 73 73 10
43 56 26 86 6 47 15 99 88 40 15 99 70 73 73 73 73 73 15 99 73 73 73 73 73 5 15 99 23 15 99 15 92 99 87 36 73 73 73 73 73 73 73 73 10
43 36 36 56 26 86 56 73 6 47 15 99 88 40 15 99 54 73 73 73 73 73 73 73 73 73 73 73 73 19 73 73 73 73 73 73 73 73 73 73 73 73 73 73 64 73 73 73 73 73 73 73 73 73 73 73 10
43 56 26 86 56 6 47 15 99 88 40 15 99 44 73 73 73 6 15 99 15 99 73 73 73 73 73 73 73 73 73 20 73 73 73 73 73 73 73 23 73 73 73 73 15 99 33 15 99 73 73 73 23 15 99 73 73 73 73 15 99 15 99 15 99 73 15 99 15 99 23 73 73 23 73 73 73 73 73 73 73 86 49 73 73 23 96 92 43 73 56 26 86 6 47 15 99 83 61 88 40 15 99 76 73 23 73 73 73 45 15 99 73 15 99 73 73 73 73 73 73 55 73 23 73 73 73 73 73 73 73 13 15 99 23 15 99 92 92 23 36 15 99 41 73 73 82 15 99 15 99 73 73 73 73 73 73 73 73 73 73 49 73 73 73 73 73 73 23 73 73 73 73 63 73 73 73 23 73 73 73 73 73 73 73 73 73 73 43 73 10
43 73 56 26 86 6 47 15 99 73 88 40 15 99 64 73 73 73 23 41 15 99 15 99 73 73 73 73 73 23 73 73 73 77 73 73 73 73 73 15 99 15 99 73 73 23 73 73 13 23 13 15 99 23 15 99 15 99 58 92 36 15 99 5 73 73 73 73 73 73 15 99 73 73 73 73 73 73 73 73 93 73 73 73 73 73 73 73 73 73 73 73 73 73 73 73 10
43 56 26 86 6 47 15 99 73 88 40 15 99 35 69 68 15 23 36 92 43 73 56 26 86 23 6 47 15 99 83 61 88 40 15 99 28 23 73 73 73 25 15 99 73 15 99 73 73 73 10
43 56 26 86 56 6 47 15 99 88 40 15 99 35 73 23 92 73 73 73 15 99 73 16 15 99 15 99 73 73 73 73 73 73 73 73 31 73 73 73 73 73 10
43 56 26 86 73 6 47 15 99 88 40 15 99 37 73 23 15 99 73 73 99 73 15 99 15 99 73 73 73 73 73 73 73 73 10
43 23 92 43 73 56 26 86 56 92 23 6 47 15 99 88 40 15 36 99 48 73 44 73 15 99 15 99 73 73 73 73 73 73 73 73 73 10
43 56 26 86 6 47 15 99 88 40 15 99 68 73 73 73 73 11 15 99 15 99 73 73 73 73 73 73 73 79 73 73 73 73 10
43 56 26 86 6 47 15 99 88 40 15 99 57 73 73 73 27 15 99 15 99 73 73 73 73 10
43 23 92 43 73 56 26 86 92 23 36 6 47 15 99 88 40 15 99 84 81 15 99 23 92 36 15 99 15 99 98 23 73 73 73 73 73 29 73 73 29 15 99 15 99 23 92 36 15 99 7 73 73 73 73 73 73 73 73 15 99 13 73 73 73 93 15 99 23 15 99 36 15 99 67 92 23 73 73 73 73 73 73 73 73 73 73 5 73 73 73 73 73 73 15 99 23 15 99 73 65 73 73 73 73 73 73 73 73 73 73 73 45 73 89 73 28 73 23 92 78 36 76 39 76 15 99 83 61 15 99 47 73 73 73 84 15 99 73 73 15 99 73 73 73 73 15 99 66 73 73 73 73 73 73 73 73 73 73 63 15 99 73 10
43 56 26 16 56 92 23 36 74 21 20 83 74 90 10
43 73 56 26 86 88 40 6 47 15 99 15 99 26 26 26 15 99 93 93 93 73 73 23 22 15 10
43 56 26 86 6 47 15 99 88 40 15 99 40 10 10 73 73 73 73 73 73 36 45 45 73 73 73 73 73 73 10
43 56 26 86 6 47 15 99 73 88 40 15 99 3 86 86 73 73 73 73 73 10
43 56 26 86 6 47 15 99 73 88 40 15 99 23 23 23 23 10
43 56 26 86 6 47 15 99 88 40 15 99 73 73 96 15 99 45 73 55 77 15 99 15 99 23 15 99 43 66 43 92 23 36 73 15 99 73 15 99 20 20 26 73 15 99 73 73 30 47 47 73 73 73 73 16 16 75 73 73 73 73 73 73 10
43 56 26 86 6 47 15 99 88 40 15 99 3 26 26 73 73 73 73 73 10
43 56 26 86 6 47 15 99 88 40 15 99 30 87 87 73 73 10
43 56 26 86 6 47 15 99 88 40 15 99 1 87 87 73 73 73 95 95 55 73 73 17 73 15 99 23 15 99 15 99 35 31 31 92 92 23 36 73 73 73 73 73 73 73 45 86 86 73 73 73 73 73 73 73 36 6 7 73 73 73 73 73 15 99 77 57 42 73 73 73 73 73 73 73 73 15 99 91 73 41 15 99 23 15 99 15 99 22 15 22 36 92 36 23 73 73 14 15 99 15 23 99 15 99 92 92 36 73 73 73 73 73 73 73 73 73 73 73 73 73 73 73 73 73 73 73 73 73 73 73 73 73 73 73 73 80 3 95 23 92 23 78 73 76 39 15 99 83 61 36 15 99 87 46 46 73 73 73 73 73 73 73 73 73 16 77 42 73 73 73 73 23 73 73 73 15 99 94 73 73 73 78 78 73 23 15 99 15 99 23 15 99 31 15 36 99 65 31 92 23 73 73 73 73 25 15 99 23 15 99 15 99 79 46 46 36 92 23 79 15 99 23 36 92 15 99 15 99 100 50 50 73 23 73 73 73 73 12 15 99 15 99 23 36 92 15 99 7 73 13 13 73 73 73 73 73 21 93 93 73 73 73 73 73 73 73 73 73 71 71 73 73 73 73 73 73 15 18 18 73 73 73 73 80 24 80 3 3 23 92 78 76 39 76 15 99 83 61 92 23 15 99 50 36 95 95 73 73 73 73 15 99 73 4 13 13 73 73 73 73 73 73 73 73 73 73 73 13 100 100 73 73 73 73 73 73 73 73 73 73 23 47 32 32 73 73 73 15 99 65 1 65 73 73 73 73 73 73 73 73 79 15 99 15 23 99 15 99 67 92 48 48 23 92 23 36 73 73 73 73 73 73 73 29 94 29 73 73 73 73 65 1 65 73 73 73 63 77 63 73 73 16 15 99 15 99 23 15 99 52 15 15 92 36 73 91 15 99 23 92 36 15 99 15 99 14 15 15 48 15 99 15 99 23 92 36 15 99 67 5 5 73 73 73 73 73 73 73 49 49 61 73 73 73 73 73 73 73 73 73 13 61 61 73 73 73 73 73 73 73 73 73 73 73 73 26 61 61 73 73 15 99 73 73 73 73 73 73 73 73 79 38 79 73 73 73 73 73 73 73 73 73 73 64 66 64 73 4 90 15 99 23 15 99 15 99 94 92 23 56 56 36 73 73 73 73 73 10
43 56 26 86 56 6 47 15 99 88 40 15 92 23 99 21 36 87 87 73 73 73 10
43 56 26 86 6 47 15 99 88 40 15 99 73 30 15 99 15 99 23 15 99 5 36 53 32 92 23 73 10
43 56 26 86 56 74 81 20 30 74 6 20 47 6 47 15 99 88 40 15 99 40 24 24 73 15 14 99 15 99 23 15 99 36 15 99 5 63 63 92 23 73 73 73 73 79 22 79 73 73 73 73 73 41 85 85 73 23 73 10
43 56 26 86 56 6 47 15 99 88 40 15 99 60 2 2 73 73 73 73 73 73 73 73 73 73 73 73 10 2 2 73 73 73 73 73 73 73 73 73 32 23 70 53 15 99 73 73 73 73 73 73 44 48 19 73 73 73 73 23 29 29 22 11 15 95 95 23 92 23 36 43 56 26 86 6 47 15 99 83 61 88 40 15 99 4 1 1 1 93 15 99 1 31 73 92 23 36 91 73 73 31 15 99 15 23 99 15 99 76 12 76 76 92 23 36 73 73 73 73 73 73 73 1 73 1 65 65 73 73 73 23 92 36 78 73 73 43 23 92 23 43 36 36 56 26 86 56 6 47 15 99 83 61 88 40 15 99 59 70 70 73 73 73 73 73 73 73 73 73 73 73 73 15 99 66 66 66 73 73 73 73 23 73 73 73 2 73 24 24 73 73 23 73 73 73 73 73 73 61 61 13 73 73 73 73 73 54 3 95 41 65 41 23 92 78 36 76 39 15 99 83 61 15 99 92 92 92 42 42 42 73 23 73 26 33 33 73 73 73 81 7 7 73 73 73 73 73 73 41 41 41 73 73 73 78 15 46 23 98 15 99 15 99 23 92 15 99 23 14 14 92 23 36 73 73 73 73 73 73 73 73 41 41 41 73 73 73 73 15 99 73 47 30 30 73 73 73 15 99 73 73 73 73 73 73 73 1 33 33 73 73 73 73 73 73 73 73 60 48 48 73 73 83 15 99 15 99 23 36 15 99 7 92 13 13 73 73 63 73 73 15 99 73 31 78 78 73 73 15 99 91 91 91 73 73 73 80 59 80 73 73 17 15 99 15 99 23 15 99 23 92 23 27 27 23 36 73 73 14 31 77 73 15 99 73 73 73 73 47 47 93 73 73 73 11 15 99 15 23 99 15 92 99 15 16 16 36 73 73 73 73 73 73 15 99 73 8 28 7 73 73 73 73 73 95 31 31 73 73 73 73 73 73 73 82 82 36 73 73 73 73 73 21 21 96 73 73 51 15 99 15 99 23 15 99 56 42 42 92 36 73 73 10
43 56 26 86 6 47 15 99 88 40 15 99 20 5 5 73 10
43 56 26 86 56 6 47 15 99 88 40 15 99 24 44 44 73 73 73 15 99 59 59 59 17 3 10
43 56 26 86 56 6 47 15 99 88 40 15 99 80 95 95 73 73 73 73 10
43 56 26 86 56 6 47 15 99 88 40 15 99 1 1 1 73 73 73 73 73 53 73 15 99 15 99 23 15 99 13 80 80 92 23 36 73 73 73 10
43 56 26 86 6 47 15 99 88 40 15 99 96 17 17 3 63 23 15 99 84 15 99 73 37 15 23 36 92 78 23 99 43 56 26 16 56 74 21 10
43 43 56 26 86 56 6 47 15 99 83 61 88 40 15 99 68 48 48 41 15 99 23 36 92 78 23 76 39 15 99 83 61 15 99 67 62 62 73 10
43 73 92 23 56 26 86 36 74 81 20 30 74 6 20 47 6 47 15 99 88 40 15 99 1 10 10 73 15 99 73 73 73 73 73 73 10
43 56 26 86 6 47 15 99 88 40 15 99 73 73 73 15 99 73 73 15 99 15 99 73 73 73 73 15 99 73 10
43 56 26 46 92 92 74 81 20 30 74 6 20 47 74 86 20 86 73 88 40 6 47 15 95 99 15 99 20 99 47 47 23 92 92 92 43 56 26 86 6 47 15 99 88 40 15 99 44 93 73 73 73 23 99 15 99 23 92 15 99 15 99 93 93 92 92 73 73 31 15 99 23 92 15 99 15 99 57 93 92 92 73 73 73 73 73 73 73 93 93 73 73 73 73 31 31 73 73 73 73 73 73 84 15 99 23 92 92 92 15 99 15 99 7 67 73 73 73 73 73 72 73 15 99 23 15 99 15 99 24 49 92 92 23 36 92 73 73 73 8 15 99 23 92 78 76 39 15 92 99 23 36 83 61 15 92 99 73 24 45 73 73 73 73 73 87 87 73 73 43 15 99 23 15 92 99 15 99 20 5 92 23 92 92 73 73 73 15 99 20 24 73 73 73 73 73 1 1 59 15 99 23 15 99 92 15 92 99 92 76 63 23 73 68 15 99 23 92 92 92 15 99 15 99 40 13 92 50 15 99 23 92 92 92 15 99 15 99 25 67 23 58 58 29 15 99 23 15 92 99 92 92 15 99 95 44 23 73 73 73 73 27 27 73 73 73 93 93 73 73 14 15 99 23 15 99 92 15 99 41 83 92 92 23 73 73 73 73 66 66 15 99 42 42 73 73 73 73 73 82 82 73 73 73 23 23 23 23 23 73 65 65 73 73 73 10
43 56 26 16 73 73 74 21 20 83 10
43 56 26 86 6 47 15 99 88 40 73 43 15 99 23 92 23 73 15 99 73 73 73 73 73 73 73 73 73 73 73 73 73 10
43 56 26 86 6 47 15 99 88 40 73 73 73 20 84 23 92 23 92 36 43 56 26 46 56 74 81 20 30 74 6 20 47 74 86 20 86 88 40 73 6 47 15 95 99 15 99 20 99 74 90 73 10
43 23 56 26 86 56 6 47 15 99 88 40 15 99 1 92 92 15 99 73 15 99 68 65 15 99 23 15 99 15 99 92 92 36 73 73 15 99 15 23 99 15 99 92 36 73 73 73 23 15 99 23 23 15 99 73 73 73 73 23 15 99 73 73 73 73 73 98 15 99 15 23 99 15 99 92 23 36 73 73 73 73 73 23 15 99 15 99 73 73 73 73 73 73 73 73 73 23 15 99 73 73 73 73 73 36 15 99 23 15 99 15 99 36 92 15 99 23 15 99 4 99 99 73 15 99 73 73 2 60 8 73 73 14 31 84 73 1 61 61 90 15 99 23 15 99 36 15 99 65 31 31 92 23 15 99 73 73 15 99 26 46 46 73 73 73 59 31 31 73 73 80 95 23 92 78 76 39 76 92 23 15 99 83 61 36 15 99 46 88 88 73 73 73 23 23 62 33 62 73 15 99 73 15 99 73 23 70 59 59 73 95 36 36 73 73 70 24 24 73 73 73 49 15 99 15 99 23 15 99 92 92 92 23 36 73 15 99 73 73 73 73 73 73 73 15 99 73 73 73 73 73 73 73 57 15 99 23 15 99 92 15 99 36 73 15 99 15 15 15 15 73 23 73 15 99 3 7 20 20 73 73 73 73 95 45 9 66 73 23 73 15 99 73 73 24 20 24 61 73 73 68 15 67 15 73 73 73 3 63 19 23 92 78 76 39 15 99 83 61 92 23 15 99 36 23 73 31 15 99 48 73 73 73 73 73 73 73 23 73 73 73 91 15 99 23 15 99 15 99 85 76 76 76 76 36 92 73 23 92 15 99 73 6 97 16 23 5 20 20 15 99 29 82 73 73 73 73 73 15 73 23 92 23 37 32 32 15 99 1 72 73 90 15 99 23 15 99 15 99 92 36 48 15 99 97 10
43 56 26 86 6 47 15 99 88 40 15 99 10
43 56 26 86 56 6 47 15 99 88 40 15 99 15 99 73 73 73 10
43 56 26 86 6 47 15 99 88 40 15 99 73 23 15 99 73 73 73 73 73 73 15 99 73 73 80 23 99 15 99 23 15 99 15 99 92 23 36 73 23 15 99 73 15 99 73 73 73 73 23 23 73 73 15 99 73 73 73 73 73 73 51 15 99 23 15 99 15 92 99 36 36 73 73 73 15 99 73 23 23 15 99 73 73 73 73 73 73 87 15 99 15 99 23 15 99 92 92 23 36 73 73 73 73 73 73 73 73 73 15 99 73 73 15 99 73 73 28 73 15 99 23 15 99 15 99 92 92 23 36 73 23 15 99 15 99 73 73 15 99 73 73 73 73 73 73 73 15 99 73 73 73 78 15 99 15 99 23 15 99 92 23 36 73 73 73 23 92 78 36 99 43 56 26 86 56 6 47 15 99 88 40 15 99 73 15 99 73 23 23 15 99 15 99 73 73 73 82 60 73 15 99 23 15 99 15 99 92 92 23 36 73 15 99 73 73 73 73 73 73 73 73 73 51 15 99 23 15 99 15 99 92 23 36 73 73 15 99 13 13 13 10
43 56 26 86 56 6 47 15 99 88 40 15 99 73 73 73 23 73 10
43 23 56 26 46 23 73 74 81 20 30 74 6 20 47 74 86 20 86 6 47 88 40 15 95 99 20 99 23 92 73 73 43 56 26 86 6 47 15 99 88 40 73 73 73 73 82 73 73 73 73 73 23 23 23 92 78 76 39 15 99 23 73 73 73 73 73 73 73 73 73 73 73 73 83 15 99 73 23 92 15 99 23 73 73 73 73 73 73 73 73 73 73 73 73 73 73 60 15 99 23 23 92 23 78 76 39 15 99 73 73 73 73 73 73 73 73 73 73 33 15 99 23 15 99 92 73 73 73 73 73 73 73 17 19 23 23 92 78 43 56 26 16 73 74 21 20 83 73 73 73 23 92 43 56 26 86 6 47 15 99 88 40 73 73 73 23 23 23 73 73 69 15 99 15 99 23 15 99 92 98 15 99 23 92 15 99 73 80 23 23 92 78 92 23 73 76 39 15 99 73 15 15 99 23 92 23 92 78 23 76 39 15 99 14 19 23 23 92 78 76 39 15 99 23 27 15 99 23 92 73 15 99 73 73 73 73 81 15 99 23 15 92 99 23 73 73 73 86 15 99 23 92 15 99 23 22 42 23 15 99 23 92 15 99 73 73 73 73 73 73 14 15 99 23 92 15 99 23 73 73 73 73 73 73 73 15 99 36 73 73 73 73 69 94 15 99 23 92 15 99 23 73 73 73 10
43 56 26 86 6 47 15 99 88 40 73 73 73 73 73 73 73 73 73 17 15 99 23 92 15 99 73 73 73 73 73 73 73 15 99 57 73 33 73 15 99 23 92 15 99 23 73 73 23 23 92 92 43 56 26 86 6 47 15 99 88 40 23 73 73 32 15 99 23 92 15 99 73 79 15 99 23 15 99 92 79 15 99 23 92 15 99 73 73 47 15 99 23 92 15 99 73 53 15 99 23 92 15 99 23 73 73 73 73 15 99 68 80 15 99 15 99 23 92 64 15 99 23 92 15 99 51 15 99 23 92 15 99 23 73 56 15 99 23 15 99 92 73 73 73 11 15 99 23 92 15 99 73 23 84 15 99 23 20 16 15 99 92 74 21 23 69 15 99 23 92 20 16 15 99 74 21 73 73 73 73 81 15 99 23 15 99 92 73 73 73 15 99 75 73 73 73 12 73 73 73 36 73 73 73 89 73 98 3 45 73 64 2 8 95 48 15 99 23 15 92 99 73 73 73 73 73 73 73 23 87 15 99 23 92 15 99 75 15 99 23 92 15 99 27 15 99 23 92 15 99 73 73 5 15 99 23 92 23 15 99 73 95 5 1 71 15 99 23 92 15 99 73 73 73 73 10
43 56 26 84 23 92 23 23 92 24 43 56 26 46 56 74 81 20 30 74 6 20 47 74 86 20 86 73 88 40 6 47 15 95 99 15 99 20 99 74 90 73 73 15 99 15 99 73 73 73 73 73 73 10
43 56 26 86 56 6 47 15 99 88 40 15 99 42 86 86 86 15 99 23 73 15 99 73 6 6 92 97 23 15 99 23 23 23 92 78 36 99 43 56 26 86 6 47 15 99 88 40 15 99 45 74 46 20 100 70 70 70 70 20 100 74 46 74 46 20 100 20 100 74 46 74 46 20 100 20 100 74 46 33 15 99 15 99 73 47 47 99 99 73 73 73 15 99 23 23 73 60 84 100 100 94 73 1 15 99 23 15 99 15 99 47 99 99 99 92 92 23 36 73 55 15 99 23 92 36 15 99 15 23 99 20 94 94 94 94 54 83 23 49 15 99 48 94 23 72 73 15 99 23 92 36 15 99 15 99 24 76 76 76 73 10
43 56 26 86 56 6 47 15 99 88 40 15 99 37 46 46 46 23 23 23 15 99 73 15 99 49 49 96 49 73 73 84 15 99 15 23 99 15 99 44 21 21 21 92 23 24 73 10
43 56 26 86 6 47 15 99 88 40 15 99 99 44 44 44 73 10
43 56 26 86 6 47 73 15 99 88 40 15 99 92 92 92 92 73 73 10 46 55 55 73 73 23 92 23 23 15 99 73 73 73 65 1 65 69 73 73 73 73 23 92 82 38 39 38 15 99 73 73 73 90 15 99 23 15 99 92 15 99 92 13 13 13 92 23 24 73 10
43 56 26 86 6 47 15 99 88 40 15 99 66 66 66 66 73 15 99 48 73 73 73 63 10
43 56 26 86 6 47 15 99 88 40 15 99 2 73 2 2 2 73 23 73 15 99 100 73 62 15 99 15 23 92 24 99 15 99 24 94 90 90 73 59 15 99 23 15 99 15 99 8 83 83 92 24 73 23 10
43 56 26 86 56 6 47 15 99 88 40 15 99 73 73 73 73 73 73 73 73 73 73 73 15 99 23 15 99 73 73 73 23 23 23 73 15 99 46 79 79 73 24 15 99 23 15 99 15 92 99 12 92 23 9 9 24 73 73 15 99 23 23 23 43 59 90 73 73 73 16 15 85 28 99 73 73 73 73 73 32 89 63 73 15 99 23 15 99 23 15 99 2 5 76 73 73 73 73 73 82 3 43 15 99 73 23 73 73 73 73 73 73 73 73 73 73 73 73 73 73 73 73 73 73 73 73 73 73 73 73 73 73 73 73 73 73 73 73 73 73 73 73 73 73 73 73 73 73 73 73 73 73 73 73 73 73 73 6 47 15 99 15 99 15 99 73 73 73 73 10
43 56 26 86 88 6 47 15 99 15 73 73 73 73 73 73 10
43 56 26 86 88 6 47 15 99 15 73 42 42 73 73 55 55 73 73 73 36 92 73 73 73 73 73 73 10
