43 56 26 95 74 19 20 88 43 56 26 95 74 81 20 30 74 6 20 86 6 47 88 40 15 86 99 20 86 74 86 20 86 15 86 99 20 86 15 99 22 73 15 99 15 99 73 33 10
43 56 26 16 74 30 43 56 26 95 74 19 20 88 43 56 26 95 74 81 20 30 74 6 20 86 6 47 88 40 15 86 99 15 99 97 20 86 74 86 20 86 15 86 99 20 86 26 84 84 23 78 99 43 43 56 26 16 74 81 20 30 74 6 20 86 6 47 88 40 15 86 99 20 86 15 99 43 74 86 74 86 20 86 20 86 15 86 99 20 86 95 97 90 78 99 43 56 26 16 74 30 43 56 26 95 74 19 20 88 43 56 26 16 73 74 81 20 30 74 6 20 86 6 47 88 40 15 86 99 20 86 15 99 60 74 86 74 86 20 86 20 86 15 86 99 20 86 15 99 60 15 99 10
43 56 26 16 74 19 20 88 43 56 26 95 74 19 20 88 43 56 26 95 74 81 20 30 74 6 20 86 6 47 88 40 73 15 86 99 20 86 15 99 55 74 86 20 86 15 86 99 20 86 20 86 74 86 74 86 20 86 74 86 20 86 20 86 74 86 3 68 63 78 76 39 15 99 26 15 99 73 73 73 15 99 39 44 15 99 26 15 99 20 10
43 43 56 26 86 6 47 78 99 43 56 26 16 74 19 20 88 43 56 26 16 6 47 15 86 99 88 40 15 99 32 70 95 32 78 99 43 56 26 16 74 19 20 88 43 56 26 16 73 73 73 73 73 73 73 73 73 73 73 23 92 43 56 26 16 74 19 20 88 23 92 23 92 43 56 26 16 74 19 20 88 23 92 23 92 23 92 43 56 26 16 74 19 20 88 23 92 23 92 23 92 23 23 92 23 92 23 92 23 23 92 23 92 23 23 92 43 56 26 16 50 92 74 81 20 30 74 6 20 86 6 47 88 40 15 86 99 20 86 74 86 74 86 20 86 23 20 86 23 92 43 56 26 95 74 86 50 92 20 86 74 6 20 86 6 47 88 40 15 86 99 20 86 74 86 23 15 99 99 73 73 73 73 61 64 73 73 73 73 55 10
43 56 87 84 74 19 20 88 23 92 23 92 23 23 23 23 23 23 23 92 43 56 87 84 74 19 20 88 23 92 23 92 43 56 87 46 74 81 92 23 77 92 20 30 74 6 20 86 6 47 88 40 15 86 26 20 86 74 86 73 73 73 73 73 73 73 73 15 26 94 10
43 56 87 84 74 19 20 88 23 92 23 23 92 43 56 87 46 74 19 20 88 23 92 23 92 43 56 87 46 74 81 20 30 77 92 74 6 20 86 6 47 88 40 15 86 26 20 86 74 86 23 73 73 73 73 73 10
43 56 87 84 74 19 20 88 23 92 23 92 43 56 87 84 74 19 20 88 23 92 23 92 23 92 43 56 87 84 74 19 20 88 23 23 92 23 92 23 92 43 56 87 84 74 19 20 88 23 92 23 92 23 92 43 56 77 87 84 92 74 81 20 30 74 6 20 86 6 47 88 40 15 86 26 20 86 74 86 74 86 20 86 23 73 73 73 10
43 23 92 43 56 87 46 74 19 20 88 23 92 23 92 23 77 92 43 56 87 46 74 81 20 30 74 6 20 86 73 6 47 88 40 15 86 26 20 86 74 86 23 73 73 73 73 73 73 15 26 55 73 10
43 56 87 84 74 19 20 88 23 92 23 92 43 56 87 84 74 19 20 88 23 92 23 92 23 92 43 56 87 84 74 19 20 88 23 92 23 92 23 92 43 56 87 84 74 19 20 88 23 92 23 92 23 92 43 56 87 84 74 19 20 88 23 92 23 92 23 43 23 92 43 56 77 87 46 92 74 81 20 30 74 6 20 86 23 73 6 47 88 40 15 86 26 20 86 74 86 73 73 73 10
43 56 87 84 74 19 20 88 23 92 23 23 92 92 43 56 87 46 74 56 10
43 56 87 46 74 19 20 88 23 92 23 92 43 56 87 46 36 92 74 56 10
43 56 26 86 6 47 15 99 88 40 20 55 84 23 92 23 92 23 23 36 92 92 23 92 23 92 23 92 23 92 78 99 43 56 26 84 74 19 20 88 23 92 23 92 43 56 26 84 74 19 20 88 23 92 23 92 23 92 77 92 43 56 26 84 74 81 20 30 74 6 20 86 6 47 88 40 15 86 99 20 86 74 86 74 86 20 86 23 73 73 10
43 56 26 84 74 19 20 88 23 92 23 23 92 43 56 26 84 74 19 20 88 23 92 23 92 23 92 92 43 56 26 95 74 81 20 30 74 6 20 86 77 6 47 88 40 15 86 99 20 86 74 86 23 73 73 73 73 73 73 10