
43 56 87 86 6 47 15 26 88 40 10
43 56 87 86 6 47 15 26 88 40 51 15 26 23 92 92 15 26 88 40 23 73 73 73 10
43 56 87 86 6 47 15 26 88 40 51 15 26 23 92 92 15 26 88 40 23 73 10
43 56 87 86 6 47 15 26 88 40 65 15 26 23 92 50 92 15 26 88 40 23 73 10
43 56 87 86 6 47 15 26 88 40 73 73 10
43 56 87 86 6 47 15 26 88 40 73 73 73 73 73 10
43 56 87 86 6 47 15 26 88 40 73 73 73 10
43 56 87 86 6 47 15 26 88 40 10
43 56 87 86 6 47 15 26 88 40 73 73 73 73 10
43 56 87 86 6 47 15 26 88 40 73 73 10
43 56 87 86 6 47 15 26 88 40 10
43 56 87 86 6 47 15 26 88 40 10
43 56 87 86 6 47 15 26 88 40 73 73 10
43 56 87 86 6 47 15 26 88 40 73 73 10
43 56 87 86 6 47 15 26 88 40 10
43 56 87 86 6 47 15 26 88 40 10
43 56 87 86 6 47 15 26 88 40 73 73 10
43 56 87 86 6 47 15 26 88 40 15 26 82 15 26 23 92 92 15 26 23 92 88 40 73 10
43 56 87 86 6 47 15 26 88 40 10
43 56 87 86 6 47 15 26 88 40 73 73 10
43 56 87 86 6 47 15 26 88 40 73 73 10
43 56 87 86 6 47 15 26 88 40 73 73 10
43 56 87 86 6 47 15 26 88 40 10
43 56 87 86 6 47 15 26 88 40 73 10
43 56 87 86 6 47 15 26 88 40 73 73 10
43 56 87 86 6 47 15 26 88 40 10
43 56 87 86 6 47 15 26 88 40 10
43 56 87 86 6 47 15 26 88 40 10
43 56 87 86 6 47 15 26 88 40 73 73 10
43 56 87 86 6 47 15 26 88 40 73 73 73 73 73 73 73 73 73 10
43 56 87 86 6 47 15 26 88 40 10
43 56 87 86 6 47 15 26 88 40 73 10
43 56 87 86 6 47 15 26 88 40 73 10
43 56 87 86 6 47 15 26 88 40 10
43 56 87 86 6 47 15 26 88 40 73 10
43 56 87 86 6 47 15 26 88 40 73 73 10
43 56 87 86 6 47 15 26 88 40 10
43 56 87 86 6 47 15 26 88 40 73 10
43 56 87 86 6 47 15 26 88 40 73 73 10
43 56 87 86 6 47 15 26 88 40 10
43 56 87 86 6 47 15 26 88 40 73 73 73 10
43 56 87 86 6 47 15 26 88 40 10
43 56 87 86 6 47 15 26 88 40 73 10
43 56 87 86 6 47 15 26 88 40 73 73 73 10
43 56 87 86 6 47 15 26 88 40 73 10
43 56 87 86 6 47 15 26 88 40 10
43 56 87 86 6 47 15 26 88 40 73 73 10
43 56 87 86 6 47 15 26 88 40 73 73 10
43 56 87 86 6 47 15 26 88 40 73 73 73 73 10
43 56 87 86 6 47 15 26 88 40 73 73 73 10
43 56 87 86 6 47 15 26 88 40 10
43 56 87 86 6 47 15 26 88 40 73 15 26 62 15 26 23 92 50 92 15 26 88 40 23 10
43 56 87 86 6 47 15 26 88 40 73 10
43 56 87 86 6 47 15 26 88 40 73 10
43 56 87 86 6 47 15 26 88 40 10
43 56 87 86 6 47 15 26 88 40 73 10
43 56 87 86 6 47 15 26 88 40 73 10
43 56 87 86 6 47 15 26 88 40 73 73 10
43 56 87 86 6 47 15 26 88 40 73 10
43 56 87 86 6 47 15 26 88 40 73 73 73 73 10
43 56 87 86 6 47 15 26 88 40 73 10
43 56 87 86 6 47 15 26 88 40 73 10
43 56 87 86 6 47 15 26 88 40 73 58 15 26 23 92 92 50 15 26 88 40 86 15 26 23 92 50 92 15 26 88 40 23 29 10
43 56 87 86 6 47 15 26 88 40 73 10
